YFR008W	0.0673	0.4314	0.1561
YGL048C	0.0012	0.3583	0.0033
YKR086W	0.0518	0.5251	0.0986
YOL011W	0.0218	0.3974	0.0548
YHR070W	0.0414	0.3356	0.1233
YHL019C	0.0315	0.3495	0.0901
YCL059C	0.0047	0.2992	0.0157
YPR023C	0.0338	0.3953	0.0856
YGL251C	0.059	0.4706	0.1253
YDL191W	0.0001	0.0711	0.001
YDR501W	0.0932	0.352	0.2648
YGL047W	0.0612	0.3487	0.1754
YJL131C	0.0617	0.4551	0.1355
YFL036W	0.0213	0.4265	0.0499
YGR057C	0.0131	0.3536	0.0372
YKR084C	0.0456	0.3697	0.1232
YLR226W	0.0227	0.313	0.0726
YMR004W	0.0411	0.3282	0.1252
YBR233W	0.0342	0.4013	0.0851
YBL087C	0.0002	0.1896	0.001
YMR028W	0.0528	0.3338	0.1582
YER180C-A	0.1772	0.5471	0.3239
YMR206W	0.0562	0.2482	0.2265
YKR102W	0.0413	0.4212	0.0981
YKL079W	0.0525	0.3977	0.132
YDR192C	0.1056	0.3697	0.2856
YNL243W	0.0096	0.3352	0.0287
YKL007W	0.0353	0.4096	0.0861
YCR072C	0.0101	0.3175	0.0319
YHR197W	0.0563	0.3943	0.1427
YOL137W	0.0348	0.4209	0.0828
YAL053W	0.008	0.349	0.023
YGR162W	0.0303	0.2916	0.104
YER091C-A	0.0	0.0	99.0
YLR012C	0.0406	0.3006	0.1352
YDR357C	0.0261	0.28	0.0934
YNL272C	0.0654	0.3505	0.1866
YPR192W	0.0223	0.3097	0.0718
YPR145W	0.0059	0.3178	0.0186
YER137C	0.0779	0.4335	0.1798
YML021C	0.043	0.3541	0.1214
YIL062C	0.0267	0.2002	0.1334
YOR328W	0.0366	0.4099	0.0893
YLR406C	0.0043	0.2875	0.0151
YLR335W	0.0975	0.4143	0.2354
YDR160W	0.0251	0.4528	0.0554
YBR153W	0.0669	0.4807	0.1392
YPL043W	0.0257	0.408	0.0631
YNL220W	0.0065	0.2695	0.0241
YLR135W	0.0931	0.3532	0.2636
YNL135C	0.0042	0.1116	0.0378
YIR032C	0.0647	0.3153	0.2053
YNL064C	0.0114	0.2907	0.039
YJR009C	0.0083	0.0905	0.0922
YMR209C	0.0005	0.4693	0.001
YOR228C	0.0634	0.3378	0.1878
YML074C	0.0321	0.3401	0.0944
YJL176C	0.0504	0.3665	0.1376
YMR066W	0.0917	0.4201	0.2183
YPL129W	0.0059	0.2588	0.023
YBL026W	0.0003	0.2804	0.001
YGL176C	0.1392	0.4192	0.332
YML081C-A	0.0092	0.4221	0.0217
YML077W	0.0093	0.3223	0.0288
YGL142C	0.0709	0.4519	0.1569
YGR019W	0.0172	0.2393	0.072
YGL083W	0.0571	0.4393	0.1299
YGL141W	0.0307	0.4377	0.0701
YER091C	0.0078	0.2429	0.0323
YDR284C	0.0335	0.3429	0.0977
YLR438W	0.011	0.3089	0.0357
YHR179W	0.0194	0.2881	0.0672
YDL160C-A	0.0928	0.4348	0.2135
YNL008C	0.0985	0.3936	0.2502
YGR060W	0.0038	0.1565	0.024
YDR244W	0.0632	0.4041	0.1565
YNR041C	0.0221	0.3826	0.0577
YJL105W	0.0582	0.3402	0.1712
YBR254C	0.0167	0.5157	0.0324
YGR241C	0.0467	0.344	0.1358
YNL274C	0.0274	0.4666	0.0588
YOR321W	0.0227	0.3634	0.0624
YFR014C	0.0357	0.3975	0.0897
YOR164C	0.0202	0.271	0.0745
YHR177W	0.093	0.4309	0.2159
YPR186C	0.0447	0.4036	0.1109
YML038C	0.0484	0.326	0.1484
YBL042C	0.0126	0.3925	0.032
YHR163W	0.05	0.4269	0.1171
YCL004W	0.0489	0.3014	0.1621
YHR171W	0.0464	0.4726	0.0982
YDR085C	0.123	0.393	0.3128
YPR129W	0.044	0.4506	0.0976
YLR098C	0.013	0.3167	0.0412
YDR453C	0.0419	0.7255	0.0578
YOR035C	0.0249	0.474	0.0525
YPL152W	0.0352	0.4114	0.0856
YLR439W	0.0352	0.4231	0.0832
YNL275W	0.0356	0.443	0.0803
YBR255W	0.0402	0.428	0.094
YLR392C	0.0382	0.4754	0.0804
YJR005W	0.0205	0.3677	0.0558
YPL118W	0.0181	0.3209	0.0564
YPR189W	0.0354	0.4344	0.0815
YBR260C	0.0197	0.398	0.0496
YHR128W	0.009	0.2582	0.0347
YKL185W	0.0372	0.3764	0.0989
YJR121W	0.0009	0.2503	0.0038
YNL268W	0.0275	0.3797	0.0724
YFL033C	0.0232	0.3693	0.0629
YOL139C	0.0002	0.1658	0.001
YNR023W	0.0686	0.4681	0.1465
YCR003W	0.0716	0.3035	0.2359
YAL018C	0.0269	0.4671	0.0576
YMR130W	0.055	0.3209	0.1713
YLR390W-A	0.0175	0.1888	0.0929
YDR374C	0.0642	0.4407	0.1457
YKL047W	0.0645	0.3259	0.1979
YPL131W	0.0001	0.066	0.001
YPR007C	0.055	0.421	0.1306
YHR039C	0.0124	0.3341	0.0372
YPL005W	0.0618	0.3965	0.1559
YGL154C	0.0949	0.3413	0.2779
YPL001W	0.0647	0.4612	0.1404
YLL050C	0.0039	0.2199	0.0178
YDL035C	0.0698	0.4031	0.173
YBR290W	0.0259	0.4258	0.0608
YJL049W	0.0939	0.5346	0.1757
YNL204C	0.036	0.5273	0.0683
YNR043W	0.0125	0.3143	0.0398
YER044C	0.0098	0.2333	0.0418
YKL055C	0.1068	0.386	0.2768
YFR050C	0.011	0.4328	0.0255
YCR023C	0.0359	0.3704	0.0968
YDL132W	0.0099	0.3966	0.0249
YLR432W	0.0094	0.3371	0.028
YDR350C	0.07	0.3747	0.1869
YLR342W	0.0109	0.422	0.0259
YDL080C	0.0118	0.392	0.0301
YLR295C	0.0469	0.3768	0.1244
YML041C	0.0169	0.4707	0.036
YGR110W	0.0381	0.4368	0.0872
YJL123C	0.0572	0.3839	0.1491
YIL084C	0.0157	0.5218	0.0302
YGL064C	0.0537	0.4461	0.1204
YPL038W	0.0354	0.385	0.092
YER013W	0.0331	0.3718	0.0889
YNR004W	0.058	0.5791	0.1002
YDR404C	0.0003	0.2893	0.001
YGR008C	0.019	0.5399	0.0351
YDR019C	0.0311	0.3776	0.0824
YGR086C	0.0068	0.2153	0.0314
YKR046C	0.0166	0.2869	0.058
YDL130W	0.0156	0.148	0.1051
YPL036W	0.0057	0.413	0.0137
YGL105W	0.0115	0.2235	0.0514
YOR020W-A	0.1067	0.4922	0.2168
YNL323W	0.0	0.014	0.001
YBR268W	0.0453	0.4733	0.0958
YLR191W	0.0405	0.4374	0.0926
YGR053C	0.0951	0.5863	0.1622
YOR313C	0.0819	0.4611	0.1777
YLR002C	0.0268	0.3421	0.0783
YHR173C	0.2853	0.3323	0.8586
YDL021W	0.0197	0.4342	0.0454
YGR193C	0.0803	0.2286	0.3514
YML122C	0.0417	0.1841	0.2264
YLL042C	0.0958	0.3194	0.3
YDR206W	0.0819	0.3906	0.2098
YNL167C	0.0526	0.4348	0.121
YIL052C	0.0002	0.2337	0.001
YOR012W	0.0705	0.3946	0.1787
YJL082W	0.0111	0.4464	0.0249
YOL096C	0.0274	0.4372	0.0626
YBR079C	0.0164	0.3521	0.0465
YBR286W	0.0306	0.3769	0.0811
YCL057W	0.0299	0.3708	0.0805
YER133W	0.0001	0.1461	0.001
YIL074C	0.0002	0.1818	0.001
YER095W	0.0073	0.2987	0.0245
YLR136C	0.0382	0.3613	0.1057
YJL069C	0.037	0.4272	0.0865
YPR112C	0.0381	0.4768	0.08
YER009W	0.0003	0.29	0.001
YCR060W	0.0572	0.3394	0.1685
YBR003W	0.0168	0.4634	0.0363
YML114C	0.0522	0.3876	0.1348
YBR161W	0.026	0.3268	0.0797
YOR258W	0.0882	0.5789	0.1524
YPR145C-A	0.0618	0.4537	0.1363
YLR011W	0.0823	0.4467	0.1844
YGL097W	0.0182	0.466	0.039
YJL052W	0.0088	0.143	0.0617
YMR294W	0.0826	0.5367	0.154
YER144C	0.0669	0.4571	0.1464
YKL033W-A	0.0284	0.4135	0.0686
YIL109C	0.0062	0.3503	0.0176
YDR336W	0.1062	0.2964	0.3582
YOR237W	0.0215	0.3528	0.0611
YGR070W	0.0551	0.4037	0.1365
YDR328C	0.0049	0.3321	0.0148
YKR066C	0.0148	0.4494	0.0328
YAL007C	0.0139	0.3005	0.0462
YMR316W	0.0858	0.3325	0.2581
YJL057C	0.0397	0.3267	0.1216
YLR398C	0.0264	0.4157	0.0635
YDR076W	0.0512	0.3701	0.1382
YER029C	0.0242	0.4498	0.0538
YDR399W	0.0068	0.3402	0.0201
YBR223C	0.0847	0.4328	0.1956
YHR099W	0.014	0.4093	0.0341
YDR316W	0.0496	0.455	0.109
YDR079W	0.0003	0.2527	0.001
YOL108C	0.0383	0.5882	0.0651
YBR026C	0.0255	0.3471	0.0735
YKL021C	0.0308	0.4365	0.0705
YJL097W	0.0514	0.2746	0.187
YMR132C	0.0416	0.315	0.1321
YGL103W	0.0032	0.1051	0.0306
YGL054C	0.0003	0.2717	0.001
YKL160W	0.0064	0.3427	0.0186
YBR088C	0.0004	0.36	0.001
YNL158W	0.1145	0.4023	0.2846
YMR247C	0.0754	0.4044	0.1864
YOR134W	0.0737	0.4066	0.1812
YLR203C	0.0165	0.3703	0.0445
YOR039W	0.0072	0.3777	0.0191
YPR085C	0.104	0.4115	0.2528
YLR372W	0.0244	0.217	0.1123
YLR257W	0.0178	0.3818	0.0465
YHR191C	0.0545	0.3729	0.1461
YIL129C	0.0166	0.3538	0.0469
YDR494W	0.0656	0.3514	0.1868
YIL051C	0.0105	0.3336	0.0314
YNL061W	0.0083	0.4063	0.0205
YDR025W	0.0037	0.1623	0.0227
YBR194W	0.15	0.6811	0.2203
YOL068C	0.0199	0.3781	0.0525
YGL004C	0.0832	0.3193	0.2605
YDR051C	0.0099	0.3103	0.0318
YGR112W	0.0579	0.3923	0.1475
YLR180W	0.0026	0.2677	0.0095
YER031C	0.0003	0.3167	0.001
YHR169W	0.0103	0.3404	0.0302
YER132C	0.056	0.4037	0.1387
YPR091C	0.0313	0.4235	0.074
YML016C	0.0169	0.2886	0.0584
YKL187C	0.0334	0.376	0.0887
YFR023W	0.0168	0.4141	0.0405
YDL006W	0.0132	0.3835	0.0345
YBR207W	0.0192	0.3219	0.0596
YOL094C	0.0044	0.3443	0.0127
YBR049C	0.0097	0.4334	0.0224
YKL138C-A	0.014	0.6233	0.0224
YPR078C	0.0992	0.347	0.286
YLR168C	0.008	0.4187	0.0191
YBR115C	0.0279	0.3606	0.0774
YER183C	0.0423	0.6106	0.0693
YDL200C	0.0616	0.3826	0.161
YDR386W	0.0533	0.5023	0.1061
YML046W	0.0477	0.3757	0.1269
YIR029W	0.033	0.3614	0.0912
YLR208W	0.0066	0.3787	0.0175
YOL026C	0.0523	0.4676	0.1119
YIL068C	0.0092	0.3911	0.0236
YNL292W	0.0379	0.36	0.1053
YDR292C	0.0313	0.401	0.0779
YJL006C	0.025	0.4335	0.0576
YML080W	0.0264	0.4493	0.0588
YNL004W	0.0433	0.3528	0.1227
YKR070W	0.0249	0.4221	0.0589
YJL141C	0.0306	0.4537	0.0675
YDL140C	0.0002	0.2215	0.001
YML037C	0.1083	0.3956	0.2738
YBR281C	0.0197	0.429	0.0459
YKL080W	0.0012	0.2503	0.005
YLR211C	0.0433	0.353	0.1227
YNL200C	0.014	0.2673	0.0522
YHL029C	0.0276	0.338	0.0817
YNL264C	0.0261	0.3542	0.0738
YIL021W	0.003	0.3146	0.0095
YEL059C-A	0.0491	0.2069	0.2372
YDR171W	0.0569	0.4425	0.1285
YPL008W	0.0523	0.3829	0.1365
YCR025C	0.3076	0.0031	99.0
YLR024C	0.0424	0.3893	0.1088
YPL110C	0.0398	0.4283	0.0929
YGR048W	0.0202	0.4267	0.0473
YKL062W	0.0344	0.3698	0.0931
YLR214W	0.0374	0.4496	0.0831
YFL026W	0.0204	0.4394	0.0465
YDR116C	0.0238	0.479	0.0496
YOL052C	0.0174	0.306	0.0567
YMR295C	0.01	0.2933	0.034
YER163C	0.0466	0.3858	0.1207
YKR073C	0.0763	0.0904	0.8442
YDL131W	0.0119	0.4207	0.0283
YNL085W	0.0317	0.359	0.0882
YPL012W	0.0301	0.3865	0.078
YGL139W	0.0228	0.3451	0.066
YML088W	0.043	0.387	0.1112
YJL070C	0.0363	0.369	0.0983
YDR365C	0.0437	0.4289	0.1018
YFL034W	0.0517	0.4334	0.1193
YHR010W	0.0	0.03	0.001
YNL294C	0.0375	0.4058	0.0924
YGR230W	0.1692	0.403	0.4198
YMR042W	0.0589	0.4605	0.1279
YLR357W	0.0144	0.3376	0.0426
YER093C	0.0226	0.3707	0.0609
YGR140W	0.0629	0.4365	0.1441
YDR174W	0.0021	0.2362	0.0089
YCL040W	0.0048	0.3765	0.0127
YHR066W	0.0242	0.4317	0.0561
YOR081C	0.0185	0.3795	0.0486
YGR196C	0.0911	0.5677	0.1604
YNL010W	0.004	0.2817	0.014
YLR173W	0.0507	0.2763	0.1834
YKL035W	0.003	0.2851	0.0106
YLR377C	0.0029	0.3724	0.0077
YPL247C	0.0307	0.36	0.0853
YGR283C	0.0841	0.4446	0.1892
YBR196C	0.0009	0.223	0.0039
YOR264W	0.1183	0.5026	0.2353
YKL016C	0.0251	0.3334	0.0752
YOR181W	0.0569	0.4338	0.1311
YAL011W	0.0547	0.4246	0.1288
YJL170C	0.0737	0.2483	0.2967
YDL161W	0.0115	0.459	0.0251
YMR266W	0.0246	0.3473	0.0709
YBL102W	0.0141	0.2871	0.0492
YDR479C	0.0331	0.378	0.0876
YOL077W-A	0.0076	0.2879	0.0264
YPR161C	0.0389	0.3866	0.1006
YJR064W	0.0026	0.3204	0.008
YKL151C	0.0158	0.4677	0.0337
YJL122W	0.0284	0.3343	0.0849
YLL027W	0.0416	0.3492	0.1192
YML120C	0.0088	0.3513	0.025
YJL084C	0.0386	0.3738	0.1032
YLR270W	0.004	0.3526	0.0115
YIL126W	0.0229	0.3992	0.0574
YMR140W	0.0393	0.4151	0.0947
YPL053C	0.052	0.2937	0.1771
YPL115C	0.0432	0.3936	0.1098
YJL008C	0.0058	0.3313	0.0176
YDR027C	0.0373	0.384	0.0971
YOL111C	0.0647	0.3479	0.1859
YKL193C	0.0367	0.401	0.0914
YLR237W	0.0236	0.3441	0.0685
YDL054C	0.0325	0.39	0.0833
YOR224C	0.0068	0.294	0.0232
YCR041W	0.0352	0.0632	0.5577
YOR249C	0.0594	0.4388	0.1353
YKR022C	0.1127	0.4065	0.2773
YAL051W	0.0251	0.4219	0.0594
YOR084W	0.0863	0.5685	0.1519
YEL022W	0.0206	0.3276	0.0628
YPL160W	0.0101	0.3062	0.0328
YOR058C	0.0603	0.3869	0.1558
YDR217C	0.0991	0.4599	0.2154
YNL297C	0.0275	0.417	0.0661
YER113C	0.033	0.3138	0.1052
YIL127C	0.0374	0.6167	0.0606
YLR055C	0.0358	0.408	0.0876
YPL045W	0.0378	0.4079	0.0928
YDR483W	0.0493	0.3633	0.1358
YDR412W	0.0279	0.3887	0.0718
YDR043C	0.0372	0.3967	0.0938
YOL077C	0.0033	0.2984	0.0109
YKR005C	0.171	0.5396	0.317
YOR294W	0.0175	0.3411	0.0513
YHR046C	0.0175	0.4082	0.0429
YNL199C	0.0252	0.3972	0.0634
YPL055C	0.0706	0.3444	0.2049
YNL118C	0.0821	0.4662	0.1761
YGR075C	0.0614	0.3057	0.2009
YIL107C	0.0241	0.4345	0.0555
YKR045C	0.0531	0.448	0.1186
YLL031C	0.0164	0.3652	0.0449
YOR197W	0.0088	0.3739	0.0234
YMR076C	0.0309	0.4354	0.0709
YGR148C	0.0067	0.0989	0.0682
YMR058W	0.0123	0.3444	0.0358
YKL049C	0.0368	0.4779	0.0771
YGR253C	0.011	0.3667	0.0301
YNL219C	0.0237	0.391	0.0606
YEL006W	0.0158	0.3567	0.0442
YDR403W	0.0283	0.383	0.0739
YLR396C	0.0359	0.424	0.0847
YER052C	0.0045	0.3002	0.0148
YLR050C	0.0316	0.3578	0.0883
YDL145C	0.0126	0.3083	0.0409
YIL020C	0.029	0.4279	0.0679
YAR019C	0.0348	0.3733	0.0931
YPL146C	0.0464	0.3823	0.1213
YCR038C	0.0538	0.3492	0.1541
YGR168C	0.1041	0.3333	0.3123
YPL111W	0.0132	0.3723	0.0355
YNL012W	0.0428	0.4321	0.099
YPL156C	0.0997	0.3592	0.2775
YBR233W-A	0.0314	0.3487	0.09
YIL130W	0.026	0.3481	0.0747
YBR253W	0.0317	0.2984	0.1064
YEL011W	0.0046	0.457	0.0102
YLR005W	0.0101	0.3336	0.0303
YEL048C	0.0624	0.3124	0.1996
YBR097W	0.0409	0.3858	0.1059
YIL038C	0.0297	0.4148	0.0715
YPR057W	0.056	0.3131	0.179
YDR458C	0.1061	0.5142	0.2064
YML015C	0.0279	0.337	0.0827
YDR100W	0.0231	0.2732	0.0847
YPR184W	0.0248	0.4201	0.059
YDR289C	0.0371	0.3823	0.0971
YLR241W	0.0151	0.3239	0.0466
YDR238C	0.0144	0.2967	0.0486
YNR051C	0.0587	0.3803	0.1544
YOR260W	0.014	0.3058	0.0458
YHR112C	0.0145	0.3145	0.046
YER044C-A	0.0871	0.4261	0.2045
YKR098C	0.0599	0.5167	0.1159
YLR063W	0.0352	0.3862	0.0912
YDR232W	0.0182	0.3277	0.0556
YLR260W	0.0266	0.4593	0.0579
YIL013C	0.0207	0.3348	0.0619
YLR013W	0.0953	0.3299	0.2888
YLR196W	0.0237	0.4199	0.0564
YBR228W	0.0545	0.3906	0.1395
YGR122W	0.0704	0.4054	0.1736
YGL189C	0.0001	0.0685	0.001
YNL132W	0.0144	0.3687	0.0391
YJL083W	0.0429	0.3939	0.1089
YDR427W	0.0132	0.3409	0.0388
YER084W	0.3614	0.4295	0.8415
YHR040W	0.0429	0.4108	0.1044
YKR020W	0.0583	0.3099	0.1881
YOL057W	0.0288	0.4185	0.0689
YDR106W	0.1011	0.5615	0.1801
YER030W	0.0792	0.3166	0.25
YPL144W	0.0841	0.5577	0.1508
YMR084W	0.0572	0.4026	0.1419
YGR212W	0.0989	0.4392	0.2253
YKL216W	0.0103	0.3537	0.029
YIL077C	0.0728	0.3162	0.2302
YDR036C	0.0021	0.0104	0.2005
YJR127C	0.04	0.3587	0.1114
YLR194C	0.0751	0.3368	0.223
YER117W	0.0001	0.0785	0.001
YGL099W	0.017	0.393	0.0431
YBR092C	0.0254	0.4137	0.0613
YGR199W	0.0401	0.406	0.0988
YMR068W	0.0301	0.3502	0.086
YDR362C	0.0547	0.4559	0.12
YIL085C	0.04	0.376	0.1064
YOR098C	0.1466	0.4592	0.3193
YDL104C	0.0476	0.4581	0.1039
YDR265W	0.0942	0.2906	0.3242
YIL117C	0.085	0.4779	0.1779
YMR242C	0.0001	0.0819	0.001
YLR153C	0.0027	0.3362	0.0082
YBR047W	0.0333	0.3434	0.0969
YKL146W	0.0232	0.3525	0.0658
YJR044C	0.0227	0.3019	0.0752
YIR022W	0.0123	0.2872	0.0429
YIL104C	0.0465	0.4388	0.106
YNL300W	0.0838	0.4844	0.173
YPL158C	0.0814	0.4875	0.1669
YGL145W	0.0695	0.4072	0.1707
YNL262W	0.0207	0.3937	0.0527
YDR359C	0.0779	0.4117	0.1893
YBR020W	0.0229	0.3386	0.0677
YNL222W	0.0045	0.1147	0.0396
YJR058C	0.0003	0.2791	0.001
YFR043C	0.0813	0.4492	0.1811
YNL106C	0.0593	0.4475	0.1326
YPL051W	0.0098	0.308	0.032
YHR186C	0.0159	0.3913	0.0405
YBR140C	0.0264	0.4622	0.057
YDR499W	0.0426	0.4026	0.1057
YGR254W	0.0	0.0	0.001
YFR033C	0.0734	0.2096	0.3504
YIL146C	0.0472	0.2675	0.1765
YDL180W	0.0522	0.2543	0.2052
YPL082C	0.0158	0.4367	0.0362
YEL053C	0.0465	0.3838	0.1212
YBR199W	0.0686	0.4326	0.1586
YLL022C	0.1318	0.4544	0.2901
YBR186W	0.0643	0.4043	0.1591
YDR207C	0.0514	0.2825	0.1818
YML022W	0.0361	0.2204	0.1637
YFL021W	0.0263	0.2524	0.1043
YNL169C	0.0135	0.3787	0.0357
YHR031C	0.0283	0.4006	0.0706
YDL143W	0.0028	0.3172	0.0089
YNL172W	0.0462	0.4466	0.1035
YDR508C	0.0195	0.403	0.0484
YCR075W-A	0.0433	0.6731	0.0643
YER123W	0.0127	0.4201	0.0303
YNL153C	0.0239	0.2945	0.0811
YFR038W	0.0307	0.4128	0.0745
YJR089W	0.146	0.4688	0.3115
YDR322W	0.0461	0.3344	0.1378
YOR299W	0.0468	0.3514	0.1331
YER131W	0.0002	0.2432	0.001
YGL157W	0.0438	0.4253	0.1031
YBR005W	0.0703	0.37	0.1899
YLR351C	0.005	0.4203	0.0119
YAR007C	0.011	0.3518	0.0313
YDR380W	0.0443	0.364	0.1216
YKL061W	0.0301	0.6114	0.0493
YOR043W	0.0178	0.3411	0.0521
YDR009W	0.026	0.4145	0.0627
YKR041W	0.1446	0.419	0.3452
YMR010W	0.009	0.3259	0.0276
YJL071W	0.0513	0.492	0.1042
YBL104C	0.0256	0.4195	0.061
YPL081W	0.0001	0.0659	0.001
YMR293C	0.0421	0.426	0.0988
YDR384C	0.014	0.4272	0.0327
YDR418W	0.0001	0.1271	0.001
YDL236W	0.0171	0.4917	0.0347
YGR009C	0.0511	0.4395	0.1163
YOR191W	0.0809	0.4689	0.1725
YGL148W	0.0013	0.3239	0.004
YEL032W	0.0127	0.3784	0.0334
YLR310C	0.0294	0.4001	0.0736
YIL138C	0.0164	0.3731	0.0439
YDL114W	0.0889	0.4627	0.1921
YIL049W	0.0505	0.306	0.1651
YCR091W	0.1041	0.4195	0.2481
YMR136W	0.0601	0.3035	0.1979
YDR235W	0.028	0.3686	0.0761
YKR067W	0.0296	0.4904	0.0603
YHR170W	0.0063	0.3445	0.0184
YPL105C	0.0795	0.4921	0.1615
YHR079C-A	0.0857	0.7467	0.1148
YLR079W	0.0605	0.2565	0.236
YGR173W	0.0026	0.3554	0.0072
YDL029W	0.0037	0.3204	0.0115
YGL242C	0.0158	0.4264	0.0371
YDR452W	0.0488	0.3439	0.1419
YMR301C	0.0232	0.3953	0.0587
YIL061C	0.0491	0.3369	0.1458
YBR037C	0.0166	0.3244	0.0513
YAL022C	0.0253	0.4306	0.0587
YPL143W	0.0	0.0408	0.001
YOR241W	0.0311	0.3634	0.0856
YKR029C	0.0774	0.4581	0.169
YHR030C	0.0183	0.3395	0.054
YJL193W	0.038	0.3616	0.105
YDR173C	0.0574	0.4191	0.137
YOL023W	0.0306	0.3436	0.089
YMR184W	0.0647	0.3725	0.1738
YNL202W	0.0201	0.5097	0.0395
YJL121C	0.004	0.2595	0.0155
YHR044C	0.0482	0.6105	0.079
YBR065C	0.0632	0.4379	0.1444
YMR002W	0.0172	0.3377	0.0511
YHL002W	0.0434	0.4672	0.093
YDR224C	0.0002	0.1508	0.001
YLR350W	0.0191	0.3672	0.052
YBR251W	0.0124	0.4213	0.0293
YJR034W	0.0005	0.5124	0.001
YER064C	0.0757	0.4499	0.1682
YOR042W	0.0528	0.3865	0.1365
YBR272C	0.0651	0.351	0.1854
YOR286W	0.0336	0.4734	0.0709
YDR306C	0.0453	0.2853	0.1587
YGR194C	0.0554	0.4337	0.1277
YJL053W	0.026	0.4361	0.0596
YBL046W	0.0751	0.3832	0.1959
YNR019W	0.0149	0.342	0.0434
YNL233W	0.0873	0.4711	0.1852
YLR097C	0.0682	0.3587	0.1901
YPR138C	0.0087	0.3162	0.0274
YIL092W	0.2253	0.421	0.5352
YPR034W	0.0186	0.2493	0.0747
YIL161W	0.1369	0.4078	0.3356
YCR047C	0.0052	0.3722	0.0139
YMR234W	0.0712	0.4941	0.1441
YCR024C	0.0504	0.4122	0.1224
YAL055W	0.0967	0.6294	0.1536
YPL176C	0.051	0.3686	0.1384
YMR137C	0.0746	0.3749	0.1988
YPR014C	24.5937	0.2484	99.0
YPL009C	0.0449	0.4353	0.1031
YNR029C	0.0363	0.388	0.0936
YFL027C	0.0585	0.36	0.1624
YML054C	0.0187	0.3074	0.0608
YMR228W	0.0261	0.4219	0.0618
YKL064W	0.0093	0.3937	0.0236
YDL107W	0.0909	0.4273	0.2126
YGR043C	0.0132	0.4603	0.0286
YOL148C	0.0211	0.3829	0.0551
YJR050W	0.0599	0.4125	0.1452
YDL084W	0.001	0.2696	0.0038
YCL061C	0.1007	0.5878	0.1713
YNL076W	0.044	0.2875	0.1531
YLR020C	0.0236	0.3914	0.0602
YFR029W	0.0319	0.3351	0.0953
YIL156W	0.0323	0.3794	0.0852
YNR059W	0.0846	0.3214	0.2633
YKR042W	0.0099	0.295	0.0335
YGL080W	0.0075	0.3643	0.0207
YMR148W	0.0325	0.3685	0.0883
YNL072W	0.0294	0.4042	0.0727
YBR074W	0.0629	0.4342	0.1449
YKL095W	0.0568	0.4286	0.1326
YJL001W	0.0023	0.4124	0.0055
YMR133W	0.1618	0.4519	0.358
YJL115W	0.0157	0.5294	0.0297
YGR015C	0.0524	0.3999	0.1311
YPR088C	0.0026	0.341	0.0075
YHR086W	0.0399	0.4132	0.0967
YPL241C	0.1353	0.6699	0.202
YGR152C	0.0248	0.3229	0.0769
YLR421C	0.0279	0.4925	0.0567
YLL012W	0.0178	0.3421	0.0522
YOR314W-A	0.0234	0.0002	99.0
YGR028W	0.0078	0.4075	0.019
YIL063C	0.0594	0.3252	0.1828
YOR211C	0.0217	0.4688	0.0462
YKL012W	0.0586	0.4185	0.14
YCR006C	0.1519	0.0015	99.0
YBL009W	0.0735	0.3575	0.2056
YML104C	0.051	0.4557	0.112
YBR165W	0.0625	0.3602	0.1736
YGR270W	0.0592	0.4747	0.1248
YIL090W	0.0104	0.2812	0.0368
YHR113W	0.0357	0.4531	0.0787
YNL280C	0.0149	0.2944	0.0507
YJR132W	0.0301	0.3514	0.0857
YBR173C	0.0299	0.2268	0.1321
YGR163W	0.0028	0.5119	0.0055
YPL230W	0.0857	0.3668	0.2336
YJL200C	0.0131	0.4497	0.0292
YPL109C	0.0001	0.1321	0.001
YMR021C	0.0309	0.3476	0.0888
YFR019W	0.0251	0.4238	0.0593
YIL087C	0.0163	0.478	0.0342
YMR185W	0.0848	0.3585	0.2365
YIL157C	0.0442	0.3155	0.1401
YHR018C	0.0153	0.3432	0.0446
YMR139W	0.0107	0.3505	0.0304
YJL143W	0.006	0.4419	0.0136
YGL158W	0.1158	0.4003	0.2894
YGL179C	0.0761	0.3549	0.2144
YNL038W	0.0566	0.5448	0.1039
YJL072C	0.0116	0.325	0.0357
YNL088W	0.0307	0.3958	0.0776
YEL026W	0.0001	0.0832	0.001
YDL082W	0.0049	0.1546	0.0319
YOR010C	0.0351	0.3324	0.1054
YDR358W	0.0797	0.3781	0.2107
YOR111W	0.0423	0.491	0.0861
YGR081C	0.0831	0.3927	0.2116
YLR044C	0.0018	0.0587	0.0305
YBR056W	0.0369	0.4139	0.0892
YMR038C	0.0225	0.4996	0.0451
YLR436C	0.0371	0.3439	0.108
YKL025C	0.0384	0.388	0.099
YCR004C	0.0119	0.3491	0.0341
YPL046C	0.0534	0.4654	0.1147
YNL161W	0.0118	0.4527	0.0261
YHR198C	0.0333	0.4076	0.0817
YPL274W	0.0193	0.4742	0.0407
YDR392W	0.0043	0.4859	0.0089
YDR056C	0.045	0.3808	0.1181
YLR066W	0.0159	0.3928	0.0404
YDR311W	0.0166	0.4249	0.039
YIL131C	0.0227	0.3877	0.0585
YMR120C	0.004	0.3513	0.0114
YMR194C-B	0.0471	0.4074	0.1156
YKL008C	0.0011	0.2218	0.0052
YFL024C	0.0225	0.3898	0.0577
YDR335W	0.0054	0.361	0.015
YLR411W	0.0119	0.4092	0.0291
YGL202W	0.0175	0.3163	0.0554
YCL012C	0.03	0.5114	0.0588
YJL186W	0.0511	0.4232	0.1208
YMR198W	0.0706	0.3657	0.1932
YGL061C	0.0455	0.4209	0.1081
YFL034C-A	0.0225	0.2198	0.1026
YDR484W	0.0322	0.4541	0.071
YEL056W	0.0329	0.3504	0.0938
YLR225C	0.0221	0.4606	0.048
YAL046C	0.0356	0.2274	0.1567
YDL238C	0.05	0.3556	0.1407
YBR102C	0.021	0.4796	0.0438
YBR069C	0.0343	0.3664	0.0937
YLR142W	0.025	0.3666	0.0681
YOR327C	0.0142	0.3356	0.0423
YKL148C	0.0053	0.2979	0.0179
YBR175W	0.0223	0.3429	0.0651
YNL107W	0.0352	0.305	0.1155
YNL078W	0.0882	0.4938	0.1786
YPR176C	0.0271	0.422	0.0642
YPL264C	0.01	0.3105	0.0321
YOL113W	0.0468	0.4752	0.0984
YCL010C	0.0269	0.3089	0.0872
YJR110W	0.0315	0.4042	0.0779
YKL125W	0.0237	0.2972	0.0799
YOR276W	0.0145	0.1955	0.0742
YKR011C	0.0501	0.2883	0.1737
YEL050C	0.0243	0.2849	0.0852
YGL091C	0.0077	0.2921	0.0264
YOR132W	0.0391	0.4351	0.0898
YML056C	0.0031	0.1952	0.0161
YLR166C	0.0206	0.3469	0.0592
YPL066W	0.0556	0.4037	0.1378
YLR425W	0.0338	0.3679	0.092
YOR234C	0.0048	0.2536	0.0188
YNL236W	0.0143	0.4406	0.0323
YDL028C	0.0239	0.433	0.0553
YGL233W	0.0238	0.3277	0.0728
YLR410W	0.0174	0.472	0.0368
YER083C	0.0373	0.4187	0.0891
YAR008W	0.0307	0.2962	0.1037
YDL237W	0.0535	0.3578	0.1494
YNL151C	0.0271	0.6372	0.0425
YKL063C	0.0539	0.2368	0.2275
YNL201C	0.0304	0.3489	0.0871
YGR054W	0.0183	0.3229	0.0568
YNL313C	0.0373	0.386	0.0967
YPL132W	0.0375	0.4639	0.0809
YBR160W	0.0016	0.3726	0.0043
YDL031W	0.0219	0.4129	0.053
YNL312W	0.0099	0.2933	0.0337
YLR134W	0.0078	0.1448	0.0538
YBR162C	0.0139	0.3891	0.0358
YNL304W	0.0405	0.3413	0.1187
YLR419W	0.0412	0.4162	0.099
YLR402W	0.0558	0.0967	0.5775
YNL053W	0.0409	0.2897	0.1414
YBR072W	0.0186	0.3104	0.0598
YGR017W	0.0295	0.2518	0.117
YML100W	0.0115	0.3876	0.0296
YGR153W	0.1538	0.6377	0.2412
YLR386W	0.0104	0.4003	0.026
YIL143C	0.0097	0.3358	0.0289
YIR024C	0.0769	0.3273	0.2348
YPR081C	0.063	0.3966	0.1589
YHR079C	0.0319	0.4765	0.067
YIL089W	0.3247	0.8262	0.393
YNR008W	0.0219	0.3317	0.0661
YOR262W	0.0066	0.5385	0.0122
YGR282C	0.0031	0.2209	0.0142
YKL215C	0.0231	0.4397	0.0526
YJL110C	0.0792	0.5559	0.1426
YFR013W	0.043	0.3681	0.1169
YKL029C	0.0083	0.3161	0.0262
YER019C-A	0.0003	0.2608	0.001
YJL046W	0.0848	0.5323	0.1592
YOL084W	0.0302	0.453	0.0666
YEL003W	0.0173	0.3918	0.0441
YPL222W	0.056	0.426	0.1315
YMR001C	0.0039	0.3468	0.0112
YDR461C-A	0.0806	0.5759	0.14
YMR262W	0.0644	0.3053	0.2108
YOL101C	0.0292	0.3908	0.0747
YKL011C	0.0627	0.5407	0.116
YML026C	0.0001	0.1298	0.001
YBR152W	0.1755	0.605	0.29
YPL244C	0.0326	0.332	0.0982
YNL190W	0.0074	0.2383	0.031
YHR121W	0.0112	0.2541	0.044
YLR376C	0.061	0.3578	0.1704
YOL042W	0.0127	0.3146	0.0404
YDL153C	0.0451	0.4968	0.0908
YLR028C	0.0067	0.3886	0.0174
YOL141W	0.0636	0.4853	0.1311
YPR002W	0.0468	0.3361	0.1391
YGL171W	0.0273	0.3813	0.0716
YPL259C	0.0091	0.3375	0.027
YBR101C	0.0181	0.3446	0.0524
YNL098C	0.035	0.2625	0.1333
YAR002C-A	0.0172	0.3317	0.0518
YOR319W	0.0598	0.4085	0.1465
YMR287C	0.0477	0.4326	0.1102
YDL090C	0.048	0.4037	0.1189
YHR137W	0.0232	0.3897	0.0596
YER103W	0.0105	0.4305	0.0245
YGR119C	0.0324	0.405	0.0799
YER058W	0.0329	0.452	0.0728
YBR168W	0.0832	0.3986	0.2088
YOL019W	0.0426	0.4241	0.1005
YMR288W	0.0286	0.4326	0.066
YDL216C	0.0601	0.4531	0.1326
YOR064C	0.0899	0.3575	0.2516
YDL042C	0.0378	0.3079	0.1226
YOR278W	0.0775	0.6316	0.1226
YBR021W	0.011	0.3267	0.0336
YGR131W	0.0347	0.3118	0.1112
YFL030W	0.0184	0.3413	0.0538
YLR409C	0.0246	0.3768	0.0653
YML093W	0.0451	0.5277	0.0854
YLL039C	0.0077	0.6554	0.0117
YNL145W	0.0326	0.4639	0.0702
YJR006W	0.0443	0.4184	0.1058
YKL057C	0.0352	0.3346	0.1051
YJR129C	0.0785	0.4096	0.1915
YGR251W	0.0549	0.3743	0.1467
YDR126W	0.0454	0.3864	0.1174
YKL018W	0.0073	0.404	0.0182
YDR469W	0.1256	0.237	0.5299
YBR240C	0.0312	0.339	0.092
YML008C	0.0163	0.2672	0.0609
YGR244C	0.0081	0.3415	0.0237
YBR221C	0.0067	0.2717	0.0248
YIR035C	0.0188	0.3094	0.0607
YDR321W	0.0161	0.3465	0.0465
YCR052W	0.0583	0.3722	0.1566
YOL025W	0.0857	0.3829	0.2238
YHR068W	0.0035	0.2857	0.0122
YBR215W	0.0893	0.4089	0.2184
YDL223C	0.1187	0.7304	0.1625
YER106W	0.1223	0.445	0.2747
YPR095C	0.0665	0.4485	0.1482
YBR041W	0.019	0.3377	0.0562
YDR512C	0.0697	0.6356	0.1097
YNL090W	0.005	0.5425	0.0092
YEL042W	0.0385	0.4177	0.0922
YGL240W	0.0386	0.4278	0.0903
YMR241W	0.0015	0.2431	0.0064
YDR122W	0.0378	0.45	0.0841
YNL257C	0.0287	0.434	0.0662
YGL130W	0.0136	0.3154	0.0431
YBR084C-A	0.0001	0.0609	0.001
YPR180W	0.0419	0.425	0.0985
YHR194W	0.024	0.378	0.0635
YIR023W	0.0271	0.4027	0.0672
YKL212W	0.0177	0.3365	0.0526
YDR496C	0.0261	0.3798	0.0687
YDL220C	0.0902	0.3835	0.2352
YLR435W	0.0502	0.5243	0.0957
YGL155W	0.0624	0.4234	0.1474
YLL018C-A	0.0201	0.4241	0.0474
YOR167C	0.0	0.0228	0.001
YER080W	0.0368	0.3528	0.1043
YHR041C	0.0278	0.3635	0.0765
YJL059W	0.0371	0.3289	0.1128
YCR017C	0.0311	0.391	0.0795
YNL125C	0.0328	0.3576	0.0917
YPL248C	0.0693	0.341	0.2032
YGR145W	0.0216	0.3831	0.0565
YDR393W	0.06	0.2802	0.2142
YOR009W	0.0202	0.2557	0.0791
YDL190C	0.0167	0.3946	0.0422
YMR129W	0.0314	0.4406	0.0712
YDR389W	0.0237	0.3388	0.07
YGL135W	0.003	0.0639	0.0467
YJL173C	0.0122	0.3681	0.0333
YHR008C	0.0042	0.353	0.0119
YKL018C-A	0.0248	0.3335	0.0745
YMR048W	0.1	0.4304	0.2324
YIL015W	0.0798	0.3679	0.2169
YLR324W	0.0262	0.3673	0.0714
YPL157W	0.0463	0.4009	0.1154
YFR021W	0.0125	0.3153	0.0396
YNL218W	0.0286	0.4573	0.0625
YMR200W	0.019	0.3924	0.0485
YJR092W	0.1028	0.4314	0.2382
YKR002W	0.008	0.3658	0.0218
YLR092W	0.0168	0.3586	0.0467
YJR113C	0.0355	0.3169	0.112
YPR010C-A	0.0084	0.4044	0.0208
YHR190W	0.008	0.3362	0.0237
YBR250W	0.0493	0.4645	0.1061
YPL028W	0.0085	0.3295	0.0258
YLR188W	0.0307	0.3578	0.0859
YJL209W	0.0542	0.3801	0.1427
YGL190C	0.0034	0.2405	0.0142
YCL009C	0.0064	0.2274	0.0283
YER017C	0.0183	0.4163	0.0439
YHR022C	0.1239	0.3132	0.3958
YBR208C	0.02	0.3986	0.0502
YGL181W	0.0236	0.3985	0.0591
YDL125C	0.0184	0.2882	0.064
YDR334W	0.0433	0.4511	0.0961
YLR407W	0.0149	0.4109	0.0363
YLR032W	0.0516	0.3664	0.1408
YLL043W	0.0077	0.4	0.0193
YCL008C	0.0517	0.2824	0.1831
YCR057C	0.0117	0.3225	0.0362
YCR095C	0.0266	0.4212	0.0633
YKL204W	0.0488	0.3346	0.1459
YLR383W	0.0172	0.362	0.0474
YLR265C	0.1688	0.4765	0.3544
YNL131W	0.0258	0.3406	0.0756
YHL016C	0.0091	0.415	0.0219
YDR028C	0.0433	0.4454	0.0972
YML113W	0.042	0.2459	0.171
YGL005C	0.0814	0.5085	0.16
YBR211C	0.0427	0.4669	0.0915
YHR154W	0.0949	0.4472	0.2123
YGL106W	0.0184	0.4077	0.0451
YIL035C	0.0116	0.2644	0.0437
YPR105C	0.0338	0.4072	0.0831
YPR018W	0.0842	0.4092	0.2058
YJR036C	0.0496	0.3922	0.1265
YDR281C	0.0813	0.5269	0.1543
YFR022W	0.0374	0.3417	0.1094
YJL010C	0.0269	0.3506	0.0767
YPL020C	0.0635	0.3713	0.1711
YLR149C	0.0321	0.4175	0.077
YGL209W	0.0153	0.2934	0.0523
YCR068W	0.0481	0.3678	0.1308
YMR251W	0.0575	0.331	0.1739
YKR026C	0.0016	0.3655	0.0043
YLR281C	0.044	0.4946	0.089
YKL009W	0.0103	0.2424	0.0423
YJR146W	0.5127	1.3607	0.3768
YOR247W	0.0654	0.2528	0.2587
YPL061W	0.0087	0.2806	0.031
YHR005C	0.0167	0.3185	0.0523
YCR021C	0.029	0.3569	0.0814
YDR227W	0.1879	0.4053	0.4637
YPL254W	0.0308	0.5078	0.0607
YGL055W	0.0145	0.1827	0.0795
YBR267W	0.0343	0.3607	0.095
YPL054W	0.0352	0.4365	0.0806
YPR063C	0.037	0.2992	0.1236
YOR206W	0.0301	0.3866	0.0778
YOL090W	0.0195	0.4563	0.0428
YOR178C	0.0747	0.5074	0.1472
YDL098C	0.0696	0.6829	0.1019
YPL161C	0.099	0.4577	0.2163
YPR183W	0.0053	0.3204	0.0165
YDR395W	0.0133	0.3454	0.0386
YIL009C-A	0.0492	0.334	0.1473
YLR091W	0.0924	0.3351	0.2759
YLL049W	0.1478	0.3718	0.3974
YLR393W	0.0624	0.2999	0.208
YDL089W	0.098	0.3745	0.2617
YGL245W	0.0069	0.3072	0.0224
YNL052W	0.0294	0.2671	0.1101
YPL184C	0.022	0.4578	0.048
YLR083C	0.0345	0.356	0.0968
YDR062W	0.0049	0.4105	0.0118
YBR287W	0.0137	0.4128	0.0333
YEL060C	0.0209	0.3255	0.0643
YDR135C	0.0207	0.4871	0.0425
YDR208W	0.0346	0.3121	0.1107
YDR084C	0.0153	0.4491	0.034
YJL130C	0.0076	0.3264	0.0231
YBL007C	0.0318	0.3035	0.1049
YDR202C	0.024	0.4689	0.0512
YHL035C	0.0915	0.465	0.1968
YFR053C	0.0131	0.2493	0.0526
YNR055C	0.009	0.3851	0.0235
YPR153W	0.0277	0.4185	0.0662
YGR233C	0.0216	0.4252	0.0507
YLR001C	0.0626	0.364	0.172
YDR354W	0.0449	0.3649	0.1231
YLR078C	0.0263	0.3538	0.0743
YIL042C	0.0257	0.368	0.0699
YML071C	0.0569	0.407	0.1397
YFR032C	0.0379	0.4562	0.0831
YMR031C	0.0353	0.4469	0.0789
YMR014W	0.0762	0.3199	0.2383
YDR304C	0.0324	0.3918	0.0828
YMR077C	0.0385	0.4808	0.0801
YML110C	0.0152	0.3863	0.0393
YNL073W	0.0711	0.4312	0.165
YFR011C	0.037	0.2798	0.1321
YGL164C	0.0482	0.5838	0.0826
YLR340W	0.0099	0.1128	0.0876
YPL225W	0.0068	0.3636	0.0187
YAL056W	0.0548	0.4287	0.1278
YDL165W	0.0051	0.4411	0.0115
YBR236C	0.0267	0.3724	0.0718
YJL196C	0.0314	0.2832	0.1107
YMR043W	0.0207	0.2686	0.0771
YNL211C	0.0104	0.3315	0.0313
YJL020C	0.1011	0.4824	0.2097
YLR352W	0.0205	0.4189	0.0489
YLR367W	0.0002	0.1628	0.001
YNR056C	0.012	0.3613	0.0333
YBL066C	0.0307	0.4845	0.0633
YLR130C	0.039	0.4262	0.0915
YML034W	0.0447	0.5648	0.0791
YPR029C	0.0445	0.373	0.1194
YNL299W	0.0614	0.4275	0.1436
YNR033W	0.0455	0.3871	0.1174
YIL135C	0.0285	0.2738	0.1041
YKL167C	0.0246	0.4484	0.0549
YMR012W	0.0264	0.3525	0.075
YGL194C-A	0.0943	0.2775	0.3398
YLR186W	0.0038	0.2372	0.0159
YLR445W	0.0225	0.1952	0.1153
YKL207W	0.0095	0.4743	0.02
YKL121W	0.0416	0.432	0.0963
YPL124W	0.0524	0.3525	0.1486
YDR211W	0.0208	0.3926	0.0531
YDR067C	0.0277	0.5331	0.0519
YNL193W	0.067	0.4018	0.1666
YLR363W-A	0.0067	0.2916	0.023
YKR077W	0.0492	0.3737	0.1317
YDR180W	0.0605	0.4018	0.1507
YKL152C	0.0022	0.1057	0.0207
YOL069W	0.0142	0.3486	0.0407
YGL180W	0.024	0.4183	0.0573
YGL250W	0.0515	0.3749	0.1374
YIL023C	0.0763	0.3942	0.1936
YBR114W	0.0165	0.384	0.0429
YGL050W	0.0589	0.4424	0.1332
YMR176W	0.1505	0.5967	0.2522
YML011C	0.0343	0.3272	0.1047
YEL054C	0.0001	0.1079	0.001
YLR150W	0.0188	0.1121	0.1677
YKR007W	0.0669	0.3775	0.1772
YOR175C	0.0191	0.3312	0.0577
YKR089C	0.0201	0.4262	0.0472
YMR145C	0.013	0.3508	0.0371
YDR045C	0.0002	0.2271	0.001
YJL140W	0.0083	0.268	0.0309
YNL084C	0.0308	0.4386	0.0701
YLR389C	0.0231	0.3878	0.0596
YPL096W	0.0578	0.3556	0.1626
YCL026C-B	0.049	0.3064	0.1599
YOR094W	0.0003	0.2856	0.001
YIL134W	0.0374	0.3673	0.1017
YJR043C	0.0683	0.4828	0.1415
YLR148W	0.0372	0.3899	0.0955
YOR221C	0.0189	0.3713	0.0509
YAL048C	0.0101	0.3822	0.0263
YPL096C-A	0.0482	0.2329	0.2071
YPR024W	0.0141	0.4197	0.0337
YGL113W	0.0592	0.4688	0.1262
YDR352W	0.0298	0.3355	0.0887
YER126C	0.0003	0.2883	0.001
YOR209C	0.0264	0.4042	0.0653
YJL056C	0.0639	0.3367	0.1896
YER122C	0.0176	0.3655	0.048
YNL196C	0.1308	0.527	0.2482
YOR233W	0.0718	0.3857	0.1862
YMR303C	0.0279	0.374	0.0745
YPL101W	0.0389	0.4677	0.0832
YLR313C	0.1769	0.3872	0.4568
YJL156C	0.0298	0.4013	0.0741
YOL125W	0.0745	0.4571	0.1629
YDL052C	0.0243	0.2051	0.1183
YGL063W	0.039	0.3436	0.1135
YCR016W	0.0822	0.5188	0.1584
YHR044C	0.0296	0.5378	0.055
YJL094C	0.0208	0.4265	0.0487
YML034W	0.0703	0.4455	0.1579
YHL034C	0.0165	0.2511	0.0659
YOR096W	0.0	0.0393	0.001
YHR132C	0.0342	0.3487	0.0982
YLR258W	0.0053	0.3563	0.0149
YER018C	0.0508	0.2203	0.2306
YOR109W	0.0211	0.4711	0.0447
YNL288W	0.0096	0.3266	0.0294
YHL020C	0.0353	0.4254	0.083
YDR183C-A	0.1588	0.0826	1.9214
YDR505C	0.0446	0.4195	0.1062
YJL100W	0.0498	0.3127	0.1591
YHR153C	0.1232	0.3303	0.3731
YJR107W	0.0099	0.2305	0.0428
YDL189W	0.0808	0.3208	0.252
YPR103W	0.0117	0.3848	0.0305
YDR179C	0.0783	0.3095	0.253
YOR285W	0.0497	0.4735	0.105
YLL002W	0.0638	0.3445	0.1851
YHR024C	0.0167	0.3771	0.0444
YGR067C	0.0584	0.3454	0.169
YLR401C	0.032	0.39	0.082
YGR187C	0.032	0.4291	0.0745
YIR013C	0.0476	0.2523	0.1889
YOL059W	0.0082	0.1891	0.0435
YHL036W	0.0239	0.4286	0.0558
YLR064W	0.0188	0.2441	0.0772
YBL091C	0.0212	0.3767	0.0563
YIL044C	0.0427	0.2791	0.1529
YMR272C	0.0078	0.2943	0.0264
YDR465C	0.0441	0.3196	0.1381
YBR201C-A	0.0489	0.2431	0.2009
YNR001C	0.0059	0.3186	0.0187
YJL003W	0.0159	0.3575	0.0444
YML076C	0.0475	0.3954	0.1201
YIL155C	0.0073	0.3661	0.02
YDR089W	0.0437	0.4383	0.0998
YDL077C	0.0305	0.3832	0.0795
YOR213C	0.0811	0.4211	0.1927
NOSGD	0.0478	0.4002	0.1194
YDL130W-A	0.0143	0.4401	0.0325
YAL027W	0.0512	0.4585	0.1116
YKL067W	0.0258	0.4324	0.0596
YGL131C	0.0922	0.4529	0.2037
YJL099W	0.0543	0.329	0.1651
YPL209C	0.0183	0.5133	0.0357
YLR355C	0.0038	0.0711	0.054
YGR013W	0.0747	0.3055	0.2447
YKR017C	0.0158	0.3613	0.0436
YGR169C-A	0.0196	0.1643	0.119
YPR064W	0.0751	0.0008	99.0
YMR112C	0.019	0.3276	0.0579
YKR096W	0.0457	0.382	0.1195
YDR506C	0.1052	0.3071	0.3426
YDR528W	0.0619	0.3655	0.1693
YCL016C	0.0329	0.3207	0.1025
YBR275C	0.1062	0.4712	0.2253
YFR031C-A	0.0001	0.1006	0.001
YIL158W	0.0827	0.4542	0.182
YPL128C	0.0221	0.2989	0.074
YML064C	0.0139	0.306	0.0453
YDR228C	0.0366	0.3337	0.1097
YDL122W	0.039	0.4006	0.0973
YGR005C	0.0056	0.4337	0.013
YIL110W	0.0545	0.4711	0.1158
YBR010W	0.0002	0.1864	0.001
YKR062W	0.0088	0.4141	0.0213
YPL178W	0.0022	0.3798	0.0057
YGL167C	0.007	0.3977	0.0176
YDR317W	0.0722	0.5236	0.1379
YKL128C	0.0532	0.4487	0.1186
YDR110W	0.0293	0.5329	0.0549
YBR181C	0.0044	0.0635	0.0697
YOR107W	0.0852	0.5277	0.1614
YML025C	0.0271	0.2706	0.1003
YLL014W	0.023	0.281	0.082
YCL045C	0.0582	0.361	0.1613
YBR062C	0.0433	0.3704	0.1169
YIL027C	0.0427	0.2556	0.1671
YJR122W	0.0877	0.3768	0.2327
YBL027W	0.0	0.0408	0.001
YIL115C	0.1106	0.4502	0.2458
YBR145W	0.0249	0.5058	0.0492
YDR451C	0.0616	0.4155	0.1483
YNR067C	0.0336	0.2621	0.1282
YBR138C	0.0516	0.38	0.1358
YHR132W-A	0.0003	0.3299	0.001
YDL194W	0.0385	0.4109	0.0937
YLR234W	0.0148	0.3659	0.0405
YMR143W	0.0001	0.1125	0.001
YPR131C	0.0153	0.3442	0.0444
YPL214C	0.0299	0.4589	0.0651
YGR101W	0.0315	0.3912	0.0805
YHL009C	0.1139	0.4956	0.2299
YPL272C	0.022	0.3928	0.0561
YDL146W	0.0345	0.3551	0.0971
YLR306W	0.0398	0.3197	0.1246
YDR152W	0.0207	0.3768	0.0548
NOSGD	0.0069	0.4984	0.0139
YBR227C	0.0302	0.433	0.0696
YER127W	0.0336	0.3284	0.1023
YIL142W	0.0019	0.3399	0.0056
YLR031W	0.0461	0.5411	0.0851
YBL059W	0.0769	0.3626	0.2121
YEL043W	0.0398	0.3758	0.106
YPR159W	0.0147	0.2816	0.052
YOR173W	0.0097	0.3955	0.0245
YGL009C	0.0088	0.3902	0.0226
YOR036W	0.0254	0.4126	0.0616
YAL034W-A	0.051	0.4073	0.1251
YLR164W	0.0508	0.3045	0.1667
YBR159W	0.0308	0.4644	0.0664
YBR109C	0.0003	0.2575	0.001
NOSGD	0.0588	0.3755	0.1565
YPR134W	0.1432	0.4048	0.3537
YGL252C	0.0125	0.3697	0.0337
YHR168W	0.0635	0.3452	0.1838
YDR388W	0.0116	0.3085	0.0375
YOL072W	0.049	0.3555	0.1378
YHR032W	0.0165	0.3086	0.0534
YLL019C	0.011	0.3336	0.033
YLL029W	0.0286	0.3816	0.075
YJR001W	0.0143	0.3411	0.0421
YML129C	0.0003	0.3367	0.001
YDR061W	0.0377	0.3669	0.1027
YBR229C	0.0561	0.4027	0.1392
YNL295W	0.0531	0.4233	0.1255
YGR150C	0.085	0.3874	0.2194
YKL173W	0.0616	0.4426	0.1392
YGR266W	0.0451	0.432	0.1044
YHR139C	0.0139	0.4152	0.0334
YLR431C	0.0637	0.4507	0.1414
YHR007C	0.0071	0.206	0.0343
YGR231C	0.0032	0.4138	0.0077
YPR086W	0.0013	0.4118	0.0032
YBR148W	0.1091	0.4791	0.2277
YMR197C	0.0114	0.316	0.0359
YPL260W	0.0173	0.3261	0.053
YKL159C	0.0626	0.4477	0.1398
YHR098C	0.0131	0.3507	0.0373
YER111C	0.0389	0.4175	0.0931
YHR037W	0.0113	0.4776	0.0237
YGL136C	0.0389	0.3415	0.114
NOSGD	0.0369	0.3753	0.0983
YKL082C	0.0412	0.4767	0.0864
YGL032C	0.1671	0.4057	0.412
YPR156C	0.0069	0.3888	0.0178
YGL126W	0.0351	0.282	0.1245
YNL206C	0.0569	0.5536	0.1029
YNL229C	0.0069	0.3292	0.0209
YHR135C	0.0186	0.3988	0.0465
YJR133W	0.0113	0.4719	0.0239
YPL079W	0.0	0.0477	0.001
YGR235C	0.0756	0.3499	0.216
YAL021C	0.0177	0.2606	0.0678
YDR140W	0.0413	0.4253	0.0971
YOR159C	0.0121	0.2175	0.0558
YPL065W	0.0347	0.4105	0.0846
YDR214W	0.0382	0.4245	0.09
YNL015W	0.0003	0.2559	0.001
YML096W	0.0656	0.3786	0.1733
YEL041W	0.0543	0.4003	0.1357
YLR205C	0.0288	0.3148	0.0913
YER021W	0.0153	0.2866	0.0534
YML031W	0.0482	0.3472	0.139
YBR270C	0.0294	0.3736	0.0787
YDR283C	0.0141	0.3305	0.0428
YOR076C	0.1121	0.4153	0.27
YDL139C	0.0769	0.4141	0.1857
YGL121C	0.013	0.2547	0.0509
YHR199C	0.0229	0.4171	0.055
YJR103W	0.0156	0.3069	0.0509
YGL231C	0.0483	0.4368	0.1105
YPR045C	0.0438	0.274	0.1597
YFR004W	0.0031	0.3289	0.0094
YER074W	0.0042	0.0459	0.0914
YBR126C	0.0021	0.296	0.007
YNL327W	0.0043	0.0136	0.3162
YDL043C	0.0706	0.7166	0.0985
YPR193C	0.068	0.3097	0.2196
YGR214W	0.0019	0.123	0.0157
YJL134W	0.0163	0.3387	0.048
YOR028C	0.0517	0.5447	0.0949
YNL093W	0.081	0.4285	0.189
YLR286C	0.0445	0.3427	0.1299
YGL174W	0.1106	0.3727	0.2966
YJR004C	0.153	0.3422	0.4472
YNL082W	0.0645	0.5417	0.1191
YCL063W	0.0387	0.313	0.1235
YER077C	0.0157	0.0476	0.3305
YGL028C	0.043	0.537	0.0801
YKL107W	0.0251	0.5498	0.0456
YHR199C-A	0.1697	0.3981	0.4264
YER037W	0.0252	0.2996	0.0842
YKL168C	0.0632	0.4362	0.145
YDR303C	0.0506	0.4414	0.1146
YBL059C-A	0.0127	0.329	0.0386
YJR143C	0.0203	0.308	0.066
YCR002C	0.0088	0.3222	0.0275
YNL041C	0.054	0.3711	0.1454
YNL279W	0.0482	0.3873	0.1244
YDR295C	0.0652	0.4339	0.1503
YHL014C	0.0285	0.4106	0.0694
YPR116W	0.1146	0.4212	0.2721
YGL101W	0.032	0.4907	0.0652
YOR172W	0.0601	0.4465	0.1346
YPR047W	0.0296	0.4513	0.0655
YMR308C	0.0083	0.3675	0.0226
YFL016C	0.0157	0.3906	0.0402
YOR086C	0.018	0.4	0.0451
YHR114W	0.0309	0.4105	0.0752
YML058W	0.0259	0.2709	0.0956
YDR071C	0.0076	0.3089	0.0247
YGL108C	0.0568	0.383	0.1482
YGR240C	0.0029	0.2821	0.0101
YDR150W	0.1117	0.4986	0.2239
YOL044W	0.1113	0.4334	0.2568
YJL108C	0.0065	0.4636	0.014
YPL271W	0.0181	0.5595	0.0323
YLR190W	0.0575	0.3713	0.1549
YDL141W	0.0285	0.3785	0.0754
YOL047C	0.0289	0.3617	0.08
YDR446W	0.0805	0.3541	0.2272
YNL067W-A	0.02	0.0919	0.2181
YDR183W	0.0665	0.4461	0.1491
YPL164C	0.0884	0.4284	0.2064
YPR066W	0.0398	0.4619	0.0862
YER139C	0.0125	0.3268	0.0381
YGL225W	0.0117	0.2502	0.0469
YBR259W	0.1125	0.3836	0.2934
YOR101W	0.0638	0.4355	0.1464
YLR233C	0.1058	0.3751	0.282
YGL088W	0.0385	0.1029	0.3738
YBL080C	0.0506	0.2957	0.1712
YKR061W	0.0356	0.278	0.1281
YMR289W	0.078	0.4416	0.1767
YDR291W	0.0325	0.4099	0.0792
YHR036W	0.056	0.2493	0.2245
YKL013C	0.0002	0.2025	0.001
YJR095W	0.0059	0.2814	0.0209
YLR099C	0.0125	0.4055	0.0309
YOR011W	0.0242	0.3191	0.0758
YJR063W	0.0044	0.1869	0.0235
YBR034C	0.0056	0.3615	0.0156
YJR115W	0.0684	0.304	0.225
YGL143C	0.0261	0.4381	0.0595
YOR296W	0.0351	0.3793	0.0926
YMR116C	0.0001	0.0936	0.001
YOR356W	0.037	0.3955	0.0936
YCR045C	0.0108	0.4213	0.0257
YDR387C	0.0311	0.3769	0.0825
YML065W	0.0451	0.4658	0.0967
YGL135W	0.0031	0.0975	0.0316
YNR007C	0.0198	0.3844	0.0514
YLR384C	0.0226	0.3581	0.063
YNL062C	0.0316	0.4927	0.0642
YBR006W	0.0114	0.3819	0.0298
YGR072W	0.0795	0.4051	0.1962
YFL028C	0.0156	0.4241	0.0369
YMR229C	0.0312	0.414	0.0753
YLR121C	0.0308	0.4072	0.0757
YNL094W	0.0396	0.4303	0.0921
YMR273C	0.0659	0.4027	0.1635
YNL318C	0.0327	0.4333	0.0754
YLR017W	0.0057	0.3725	0.0154
YOL007C	0.0428	0.4461	0.0959
YLR312W-A	0.0404	0.2218	0.182
YPR110C	0.0114	0.3565	0.032
YFL012W	0.2233	0.4238	0.5271
YDL112W	0.0645	0.3916	0.1647
YOL075C	0.0179	0.3883	0.0461
YPL049C	0.069	0.4051	0.1702
YDR147W	0.0905	0.3786	0.239
YNL330C	0.0	0.0171	0.001
YDL007W	0.0003	0.2541	0.001
YOL103W	0.0226	0.4385	0.0515
YNL155W	0.0833	0.4429	0.1882
YAL017W	0.0236	0.4105	0.0575
YDR225W	0.0001	0.14	0.001
YFL017C	0.0466	0.3809	0.1224
YDL066W	0.0045	0.2751	0.0163
YCR018C	0.0953	0.6157	0.1548
YNL282W	0.039	0.4227	0.0923
YCR076C	0.0874	0.3658	0.2391
YMR239C	0.0258	0.4828	0.0534
YMR255W	0.0496	0.387	0.1281
YBR230W-A	0.0886	0.1959	0.4524
YML017W	0.045	0.3588	0.1254
YDR493W	0.051	0.2667	0.1911
YBR059C	0.0295	0.3704	0.0796
YLR433C	0.0287	0.3275	0.0876
YGR207C	0.017	0.3194	0.0533
YKL065W-A	0.0462	0.5951	0.0776
YCL049C	0.0736	0.3638	0.2023
YGL002W	0.0353	0.3378	0.1046
YDR198C	0.0859	0.3189	0.2694
YLR015W	0.0443	0.4444	0.0998
YLR094C	0.0473	0.318	0.1487
YGR109C	0.0493	0.3906	0.1263
YOR348C	0.0156	0.4059	0.0384
YGR034W	0.0	0.0477	0.001
YAL054C	0.0062	0.3385	0.0183
YPR169W	0.058	0.4947	0.1173
YPL067C	0.0736	0.341	0.2157
YDR138W	0.088	0.4755	0.185
YML019W	0.057	0.3275	0.1741
YLR303W	0.0043	0.3077	0.0138
YKR059W	0.0012	0.1234	0.01
YBL043W	0.0591	0.4072	0.145
YEL015W	0.0193	0.354	0.0546
YJL026W	0.0038	0.1651	0.0228
YCL025C	0.01	0.2887	0.0348
YPR060C	0.0096	0.3717	0.0257
YKR035W-A	0.0023	0.592	0.0039
YJL002C	0.0537	0.4499	0.1193
YFR044C	0.005	0.3442	0.0144
YKL211C	0.0148	0.3428	0.0432
YDR376W	0.0439	0.4075	0.1078
YIR007W	0.0444	0.3082	0.144
YDR287W	0.0421	0.3459	0.1218
YOL055C	0.0188	0.3795	0.0496
YFR052W	0.0118	0.2826	0.0419
YOR187W	0.0117	0.3306	0.0352
YER004W	0.041	0.3602	0.1137
YPL175W	0.0181	0.4018	0.045
YDR077W	0.0077	0.3912	0.0196
YKR074W	0.0464	0.4187	0.1109
YHR085W	0.0398	0.4865	0.0818
YPL237W	0.008	0.1586	0.0507
YML073C	0.0052	0.0568	0.0914
YER024W	0.0253	0.4396	0.0574
YJL185C	0.068	0.4867	0.1397
YKL142W	0.0164	0.3954	0.0415
YLL018C	0.0045	0.237	0.0189
YHR143W-A	0.0003	0.299	0.001
YML018C	0.0366	0.2913	0.1256
YJL180C	0.0557	0.4977	0.1119
YJR068W	0.0166	0.3133	0.053
YPL072W	0.1178	0.5382	0.2189
YER042W	0.0154	0.5	0.0308
YMR158W	0.0123	0.3189	0.0384
YMR128W	0.0405	0.4516	0.0897
YPL235W	0.001	0.3376	0.003
YGR027C	0.0001	0.1138	0.001
YGL138C	0.111	0.5396	0.2057
YKL114C	0.0223	0.4332	0.0515
YDL126C	0.0017	0.4118	0.0041
YKL005C	0.0713	0.4635	0.1538
YBR187W	0.0438	0.4043	0.1083
YGL084C	0.0267	0.3994	0.067
YDL209C	0.0623	0.4697	0.1327
YLR139C	0.0537	0.3344	0.1606
YKL051W	0.0265	0.323	0.0821
YJR007W	0.0003	0.2863	0.001
YFR045W	0.0305	0.3956	0.0771
YAL044W-A	0.0098	0.2144	0.0455
YHR016C	0.0264	0.4631	0.057
YIL096C	0.0366	0.5184	0.0706
YGR136W	0.039	0.4562	0.0854
YNL035C	0.0488	0.4254	0.1148
YLL005C	0.0741	0.3232	0.2294
YHR045W	0.0661	0.3834	0.1725
YNL137C	0.0408	0.3746	0.1089
YKR028W	0.0402	0.4119	0.0976
YAL030W	0.0003	0.3358	0.001
YDL073W	0.0736	0.4135	0.1781
YDR313C	0.0578	0.3626	0.1593
YJL076W	0.0687	0.4183	0.1643
YLR068W	0.0408	0.7075	0.0576
YGL230C	0.1909	0.5266	0.3625
YMR164C	0.0792	0.4291	0.1846
YFL020C	0.0181	0.3985	0.0455
YGL056C	0.0179	0.3128	0.0573
YJL054W	0.0598	0.3987	0.1501
YOR226C	0.0195	0.2721	0.0716
YPR073C	0.0241	0.4224	0.057
YGR056W	0.0397	0.4064	0.0976
YDR073W	0.0332	0.2487	0.1334
YBR213W	0.0414	0.3339	0.1241
YCL054W	0.0127	0.3221	0.0395
YBR164C	0.0003	0.3195	0.001
YNL244C	0.0001	0.1008	0.001
YJL005W	0.0221	0.3891	0.0567
YNL067W	0.0083	0.2203	0.0377
YDL083C	0.0001	0.1039	0.001
YLR141W	0.0461	0.331	0.1394
YFR031C	0.0288	0.3829	0.0752
YOR079C	0.0386	0.392	0.0984
YDR031W	0.0248	0.2607	0.0951
YDL155W	0.0521	0.359	0.1453
YCL052C	0.0443	0.3343	0.1326
YER140W	0.0472	0.3146	0.1501
YPL159C	0.0471	0.326	0.1444
YKL089W	0.0337	0.5276	0.0639
YLR321C	0.0183	0.4043	0.0453
YNL283C	0.0555	0.257	0.216
YHL031C	0.0063	0.3643	0.0173
YGR252W	0.0155	0.2977	0.052
YPR042C	0.0385	0.424	0.0909
YLR308W	0.0262	0.4264	0.0615
YBR029C	0.0075	0.2833	0.0265
YLR088W	0.0288	0.3552	0.0811
YCR077C	0.0195	0.3271	0.0595
YOR049C	0.0212	0.4054	0.0522
YGR113W	0.049	0.4337	0.113
YKL039W	0.0259	0.3296	0.0785
YDR063W	0.0169	0.393	0.043
YER033C	0.091	0.4962	0.1833
YNL024C	0.0297	0.2766	0.1075
YHR196W	0.0561	0.3379	0.1659
YKR039W	0.0147	0.4245	0.0347
YMR027W	0.0448	0.455	0.0984
YGL183C	0.0496	0.4415	0.1124
YOR380W	0.0225	0.3357	0.0669
YLR010C	0.1294	0.2682	0.4825
YHR126C	0.0874	0.4885	0.179
YMR059W	0.0978	0.2638	0.3706
YDR123C	0.0658	0.3205	0.2055
YCR094W	0.0303	0.3909	0.0774
YBR077C	0.0256	0.4086	0.0626
YHR104W	0.0078	0.3777	0.0206
YGL166W	0.1025	0.3346	0.3065
YJR075W	0.0219	0.3906	0.056
YNL315C	0.0473	0.5106	0.0926
YGL049C	0.0379	0.4292	0.0883
YGR250C	0.0339	0.441	0.0769
YNL281W	0.0133	0.2123	0.0629
YPL052W	0.0684	0.4118	0.1661
YGR256W	0.0066	0.4774	0.0139
YMR110C	0.0526	0.4677	0.1125
YDR078C	0.0305	0.4024	0.0757
YIR011C	0.0392	0.2963	0.1324
YKL094W	0.0218	0.4559	0.0477
YNL136W	0.0912	0.4423	0.2061
YDR531W	0.0148	0.2872	0.0514
YGL163C	0.0147	0.4239	0.0347
YFR034C	0.0078	0.558	0.014
YER023W	0.0104	0.2695	0.0387
YOR025W	0.0328	0.3997	0.0821
YOR145C	0.0284	0.3177	0.0895
YBL095W	0.042	0.5358	0.0783
YDR488C	0.0772	0.5306	0.1456
YHR142W	0.0149	0.4017	0.0371
YBR182C	0.1043	0.3912	0.2667
YMR072W	0.0206	0.5002	0.0412
YPR109W	0.0409	0.4302	0.0951
YCR046C	0.0278	0.3946	0.0703
YMR096W	0.0297	0.3543	0.0837
YGR203W	0.0481	0.354	0.1358
YPR175W	0.0306	0.3494	0.0875
YBL045C	0.0244	0.3501	0.0697
YOR291W	0.0274	0.4116	0.0667
YOR099W	0.033	0.3481	0.0948
YOR168W	0.02	0.4139	0.0482
YOR353C	0.0424	0.3832	0.1106
YLR113W	0.0105	0.3224	0.0325
YOR251C	0.0566	0.4324	0.1309
YLR187W	0.0652	0.4307	0.1513
YGR225W	0.0304	0.3464	0.0877
YPL007C	0.0667	0.3745	0.178
YPL166W	0.0811	0.4949	0.1639
YOR008C	0.0474	0.353	0.1342
YGR135W	0.0093	0.4196	0.0221
YLR329W	0.0723	0.3729	0.1938
YPL186C	0.1255	0.4841	0.2593
YDL233W	0.0344	0.352	0.0976
YMR063W	0.0235	0.3614	0.0651
YKR038C	0.0102	0.4703	0.0216
YMR041C	0.0569	0.3408	0.1669
YER174C	0.0458	0.3313	0.1381
YPR075C	0.053	0.4543	0.1167
YDR353W	0.0109	0.2491	0.0438
YHR074W	0.0104	0.3025	0.0344
YOR292C	0.039	0.4113	0.0949
YGR264C	0.0208	0.3575	0.0582
YHL018W	0.0446	0.3285	0.1356
YPR104C	0.0529	0.5335	0.0991
YNL115C	0.023	0.4748	0.0484
YHR047C	0.0577	0.6424	0.0898
YLR183C	0.0788	0.4354	0.1811
YIL101C	0.0381	0.4047	0.0941
YPR122W	0.0526	0.3224	0.1632
YOR185C	0.0003	0.312	0.001
YDR463W	0.0441	0.4566	0.0966
YOR298C-A	0.0034	0.3352	0.0101
YJL145W	0.0334	0.5355	0.0624
YLR288C	0.0209	0.3943	0.0529
YHR029C	0.0824	0.4325	0.1906
YPL106C	0.0061	0.3069	0.0199
YNL207W	0.0187	0.475	0.0393
YGR285C	0.0166	0.2619	0.0636
YDR018C	0.0927	0.3025	0.3066
YKL206C	0.0367	0.3137	0.117
YNL149C	0.0444	0.3338	0.133
YKL165C-A	0.0949	0.0731	1.2981
YJL079C	0.0403	0.3715	0.1086
YLR200W	0.045	0.3108	0.1449
YGR116W	0.0097	0.3868	0.025
YHL001W	0.0002	0.2469	0.001
YGR238C	0.1255	0.4619	0.2716
YJL051W	0.0522	0.4299	0.1215
YOR204W	0.0048	0.2532	0.0188
YMR075W	0.0477	0.4153	0.115
YNR017W	0.0074	0.31	0.024
YPL199C	0.0471	0.3527	0.1334
YIR001C	0.0588	0.466	0.1262
YBR139W	0.0354	0.5097	0.0694
YDR023W	0.0031	0.3469	0.0089
YGR166W	0.0668	0.38	0.1758
YER107C	0.0127	0.4243	0.03
YHR081W	0.0437	0.9496	0.046
YER057C	0.0158	0.3471	0.0455
YNL176C	0.1332	0.3731	0.357
YNR016C	0.0044	0.2789	0.0157
YGL234W	0.0086	0.2703	0.0319
YMR069W	0.1071	0.4537	0.236
YPL122C	0.0037	0.3343	0.0111
YIL165C	0.0122	0.362	0.0338
YFR046C	0.1025	0.3945	0.2598
YMR307W	0.0192	0.4222	0.0455
YLR072W	0.0262	0.4009	0.0654
YBR080C	0.0037	0.3325	0.0111
YOL135C	0.0327	0.3836	0.0853
YNL103W	0.0708	0.5164	0.1371
YPL032C	0.0404	0.3598	0.1123
YHR048W	0.031	0.3443	0.0899
YLL055W	0.011	0.3596	0.0307
YKR083C	0.0541	0.4581	0.1182
YOR151C	0.0015	0.3292	0.0044
YJL118W	0.031	0.1596	0.1941
YPL228W	0.0408	0.5802	0.0703
YBR108W	0.1277	0.4283	0.2982
YDR329C	0.042	0.4029	0.1044
YNL128W	0.0414	0.4029	0.1028
YDR242W	0.0437	0.3346	0.1305
YMR107W	0.013	0.2046	0.0634
NOSGD	0.0138	0.2839	0.0485
YBR246W	0.0597	0.5154	0.1158
YJL165C	0.025	0.4335	0.0577
YML047C	0.0531	0.366	0.1452
YPR164W	0.064	0.554	0.1156
YMR263W	0.0207	0.321	0.0645
YKL201C	0.0391	0.4456	0.0878
NOSGD	0.0168	0.367	0.0458
YLR212C	0.0082	0.3401	0.024
YBR230C	0.0439	0.2756	0.1594
YKR043C	0.0058	0.206	0.028
YPR031W	0.0672	0.414	0.1624
YBL028C	0.0137	0.233	0.0588
YGL241W	0.0654	0.5112	0.1278
YEL065W	0.0193	0.399	0.0484
YBR023C	0.0102	0.3858	0.0265
YPL034W	0.0671	0.4913	0.1366
YKL105C	0.1665	0.474	0.3513
YDL100C	0.0079	0.2943	0.027
YLL064C	0.0221	0.3946	0.0561
YPR037C	0.0364	0.3925	0.0927
YOL073C	0.0357	0.3738	0.0956
YGL059W	0.0097	0.3409	0.0284
YPR135W	0.0383	0.4356	0.088
YOR144C	0.0779	0.4219	0.1846
YHR059W	0.0605	0.3084	0.1962
YEL002C	0.0284	0.3401	0.0835
YOR232W	0.0405	0.2803	0.1446
YOL089C	0.0449	0.4625	0.0972
YBR143C	0.0021	0.4273	0.005
YGL089C	0.0712	0.3272	0.2176
YML126C	0.0052	0.1774	0.0294
YOR347C	0.0197	0.3755	0.0526
YIR004W	0.03	0.4098	0.0731
YOR113W	0.0514	0.4611	0.1115
NOSGD	0.0729	0.3401	0.2142
YIL095W	0.0626	0.4839	0.1295
YPL250C	0.0493	0.2288	0.2153
YMR119W	0.0682	0.4242	0.1609
YDL020C	0.0515	0.3964	0.1299
YLR315W	0.0921	0.3557	0.259
YDL048C	0.0291	0.3871	0.0751
YDR037W	0.0	0.0	99.0
YIR006C	0.0657	0.3679	0.1786
NOSGD	0.0534	0.279	0.1915
YMR240C	0.0939	0.4867	0.193
YER125W	0.0029	0.3377	0.0085
YLR221C	0.0749	0.3304	0.2266
YDL230W	0.0183	0.4364	0.0418
NOSGD	0.0146	0.4102	0.0355
YIL005W	0.0845	0.3068	0.2755
YDR172W	0.0154	0.3171	0.0485
YDL192W	0.0001	0.1227	0.001
YIL153W	0.0316	0.413	0.0765
YNL147W	0.0003	0.3101	0.001
YOR350C	0.1062	0.3174	0.3348
YBR057C	0.0264	0.2639	0.1001
YLR025W	0.0355	0.3181	0.1116
YGL079W	0.0358	0.4405	0.0813
YLR359W	0.0049	0.4012	0.0122
YER020W	0.0308	0.4146	0.0742
YNR052C	0.012	0.2247	0.0535
YMR100W	0.0363	0.4165	0.0871
YPR093C	0.0671	0.2963	0.2266
YKL101W	0.0681	0.4465	0.1526
YOR046C	0.0119	0.3983	0.03
YLR251W	0.0293	0.3306	0.0887
YDR517W	0.0351	0.4586	0.0765
YOR377W	0.0386	0.3695	0.1045
YNL122C	0.0591	0.4345	0.136
YNL231C	0.0232	0.3085	0.0751
YLR154C	0.0931	0.5125	0.1817
YGL196W	0.0518	0.3911	0.1325
YPL150W	0.0306	0.4414	0.0693
YMR193W	0.0543	0.56	0.0969
YOL004W	0.0371	0.4312	0.086
YLR054C	0.039	0.3581	0.1088
YGL129C	0.0395	0.4008	0.0986
YGL122C	0.0264	0.6246	0.0423
YKL196C	0.0004	0.38	0.001
YFR006W	0.0358	0.3052	0.1172
YER053C	0.011	0.3657	0.03
YOL040C	0.0073	0.0672	0.1085
YGL255W	0.0502	0.3733	0.1344
YER079W	0.0344	0.2844	0.1208
YER069W	0.0252	0.4341	0.058
YCL026C-B	0.0131	0.3442	0.038
YKL077W	0.0685	0.3784	0.1811
YOL086C	0.0139	0.0717	0.1942
YNL177C	0.0475	0.4049	0.1174
YMR156C	0.0657	0.4157	0.1582
YDR503C	0.0292	0.428	0.0683
YGL043W	0.016	0.2961	0.0541
YJR109C	0.0092	0.3247	0.0284
YDR003W	0.025	0.3793	0.0659
YMR040W	0.0538	0.2337	0.2301
YGR121C	0.0111	0.4138	0.0269
YJL197W	0.0559	0.393	0.1422
YER154W	0.0152	0.3344	0.0455
YBR044C	0.0654	0.3941	0.166
YDR513W	0.0033	0.3519	0.0094
YBR050C	0.0878	0.3813	0.2302
YJL095W	0.0365	0.4097	0.0891
YHR202W	0.0535	0.3985	0.1342
YGR125W	0.0208	0.3904	0.0534
YOL092W	0.0286	0.2464	0.1162
YML027W	0.036	0.2788	0.1292
YDR363W-A	0.0167	0.3054	0.0547
YGL008C	0.0051	0.1026	0.05
YFL004W	0.018	0.3061	0.0588
YER161C	0.0209	0.4488	0.0466
YER099C	0.0075	0.4441	0.017
YCL064C	0.03	0.4364	0.0686
YGR106C	0.0771	0.3387	0.2277
YJR094W-A	0.0114	0.1467	0.0777
YGR159C	0.0099	0.2514	0.0394
YOR142W	0.0086	0.4119	0.0208
YOR162C	0.0614	0.3004	0.2043
YAL013W	0.0141	0.3493	0.0404
YKL006C-A	0.0145	0.4182	0.0346
YER073W	0.0244	0.3363	0.0725
YBR053C	0.0447	0.4242	0.1054
YJL191W	0.0003	0.3216	0.001
YDR119W	0.0791	0.3256	0.2431
YLR346C	0.0521	0.4075	0.128
YFR027W	0.0457	0.347	0.1318
YER072W	0.0002	0.2419	0.001
YDR159W	0.0875	0.4818	0.1816
YDL075W	0.0	0.0089	0.001
YDR378C	0.0233	0.5185	0.0449
YEL020C	0.0454	0.4006	0.1133
YOR177C	0.0465	0.3817	0.1219
YML053C	0.0989	0.3619	0.2733
YPL068C	0.128	0.4756	0.2691
YPL162C	0.05	0.3168	0.158
YDL167C	0.0497	0.3317	0.1499
YCL018W	0.0002	0.2393	0.001
YDR323C	0.0486	0.3593	0.1352
YPL198W	0.0153	0.2065	0.0739
YGR014W	0.1203	0.3481	0.3456
YPR119W	0.0221	0.3546	0.0624
YOL048C	0.0072	0.5026	0.0143
YNL271C	0.0237	0.4281	0.0554
YIL137C	0.0523	0.4053	0.1291
YGL007W	0.0527	0.168	0.3133
YLL006W	0.0326	0.3256	0.1002
YHR006W	0.059	0.3758	0.157
YOR040W	0.0835	0.4162	0.2007
YJR078W	0.0413	0.3019	0.1368
YBR083W	0.0405	0.3023	0.134
YLR290C	0.0454	0.389	0.1167
YPL100W	0.0246	0.4353	0.0565
YNR013C	0.015	0.3228	0.0464
YMR053C	0.0366	0.4288	0.0854
YMR269W	0.0636	0.5174	0.123
YDL134C	0.0103	0.3826	0.0268
YJL034W	0.0041	0.2912	0.0141
YGR261C	0.0334	0.328	0.1017
YLR452C	0.0479	0.4085	0.1173
YBR185C	0.0253	0.3427	0.0737
YBR279W	0.0333	0.4925	0.0677
YPL187W	0.047	0.5595	0.084
YOR223W	0.0365	0.4779	0.0763
YIL114C	0.0597	0.5278	0.1131
YOR027W	0.0185	0.3424	0.054
YDR200C	0.0588	0.4344	0.1355
YGL001C	0.013	0.4204	0.031
YJR060W	0.0514	0.3742	0.1375
YOR045W	0.036	0.1531	0.2352
YDR370C	0.09	0.283	0.3179
YKL074C	0.0858	0.4164	0.2062
YMR174C	0.1342	1.5336	0.0875
YDL173W	0.0282	0.4352	0.0647
YDR205W	0.0598	0.3845	0.1555
YNR068C	0.1061	0.3106	0.3415
YPR071W	0.2714	0.4912	0.5526
YFR018C	0.0746	0.2071	0.3603
YMR171C	0.0316	0.4126	0.0765
YMR192W	0.11	0.3755	0.2929
YEL021W	0.0037	0.3533	0.0105
YKL084W	0.057	0.4047	0.141
YDL067C	0.0092	0.1611	0.0573
YPL123C	0.0472	0.4675	0.1009
YGR065C	0.0105	0.4185	0.0252
YLR373C	0.0279	0.3445	0.0811
YLR244C	0.0195	0.4658	0.042
YLR137W	0.0868	0.2684	0.3235
YOR114W	0.0513	0.3368	0.1524
YLR193C	0.0136	0.429	0.0317
YHR148W	0.0051	0.2538	0.02
YLR430W	0.0301	0.3895	0.0773
YBL001C	0.0138	0.3669	0.0376
YDL154W	0.0732	0.4928	0.1484
YPR003C	0.0452	0.3911	0.1156
YPL033C	0.0961	0.5004	0.1921
YIL124W	0.0293	0.5163	0.0567
YER047C	0.0617	0.4395	0.1403
YGR020C	0.0086	0.2868	0.03
YLR284C	0.0445	0.4686	0.095
YJR140C	0.032	0.4032	0.0794
YOR304W	0.0217	0.4334	0.0501
YJR098C	0.053	0.4601	0.1151
YBR216C	0.0617	0.3877	0.1591
YKR095W-A	0.0005	0.4696	0.001
YDL091C	0.046	0.4774	0.0965
YIL048W	0.0101	0.3618	0.028
YHR026W	0.0047	0.1136	0.0414
YPL017C	0.0856	0.4061	0.2109
YNL241C	0.0085	0.3379	0.0252
YJR080C	0.0393	0.2597	0.1513
YGL096W	0.0617	0.4543	0.1357
YLR109W	0.0107	0.2791	0.0385
YAL058W	0.0978	0.3501	0.2792
YEL040W	0.038	0.4179	0.0909
YJL011C	0.0314	0.4347	0.0722
YBR122C	0.0777	0.2869	0.2708
YNL181W	0.0245	0.3246	0.0754
YOR156C	0.0508	0.3776	0.1345
YER166W	0.0153	0.3507	0.0437
YDL019C	0.0301	0.3698	0.0815
YML067C	0.0164	0.3381	0.0485
YML098W	0.0152	0.4381	0.0348
YHR096C	0.01	0.3027	0.0331
YDR337W	0.027	0.4267	0.0634
YPR020W	0.0096	0.2371	0.0406
YLR007W	0.063	0.3309	0.1903
YCL058W-A	0.0614	0.4145	0.1481
YLR040C	0.1018	0.4471	0.2276
YBR015C	0.0587	0.336	0.1746
YER149C	0.0446	0.5667	0.0788
YKL195W	0.0842	0.3651	0.2307
YPL039W	0.0845	0.3345	0.2527
YJL030W	0.0281	0.322	0.0873
YLR014C	0.0556	0.4211	0.1321
YPR194C	0.0132	0.4301	0.0308
YPR114W	0.0224	0.2872	0.0781
YIL152W	0.0865	0.4388	0.1972
YPL027W	0.0726	0.3733	0.1945
YER104W	0.0788	0.3996	0.1973
YNL182C	0.0451	0.456	0.0989
YNL259C	0.0678	0.339	0.2
YML115C	0.019	0.3149	0.0602
YGR035W-A	0.1368	0.3042	0.4497
YBR091C	0.0092	0.3716	0.0248
YMR283C	0.0486	0.4444	0.1095
YNL006W	0.0003	0.2949	0.001
YOL144W	0.0651	0.4485	0.1452
YMR121C	0.0072	0.3205	0.0224
YLR250W	0.027	0.3071	0.088
YMR086W	0.1123	0.3565	0.315
YOR323C	0.0216	0.4008	0.0538
YDR468C	0.0306	0.4896	0.0624
YIL011W	0.0347	0.3686	0.0941
YLR189C	0.0358	0.3684	0.0972
YMR183C	0.0017	0.4093	0.0042
YDL085W	0.0128	0.3761	0.034
YBR043C	0.032	0.3903	0.082
YKL194C	0.0375	0.4607	0.0815
YKL180W	0.0027	0.0685	0.0396
YOR219C	0.0578	0.4406	0.1311
YPR052C	0.0052	0.1051	0.0491
YDL222C	0.017	0.3689	0.0461
YMR029C	0.0699	0.3486	0.2005
YKL081W	0.0249	0.3007	0.0828
YMR180C	0.156	0.4147	0.3762
YOR261C	0.0236	0.3297	0.0714
YJR094C	0.0748	0.4061	0.1842
YNR021W	0.0251	0.3149	0.0798
YBR066C	0.0568	0.3131	0.1813
YIL002W-A	0.0221	0.4481	0.0494
YNL234W	0.0606	0.4974	0.1219
YKL198C	0.0434	1.245	0.0348
YAL003W	0.0198	0.0822	0.2406
YIL108W	0.0196	0.3907	0.0501
YNL175C	0.04	0.2724	0.1469
YJR072C	0.0069	0.327	0.0212
YBR017C	0.0202	0.3173	0.0638
YFR005C	0.0636	0.3695	0.172
YLR336C	0.0557	0.4215	0.1321
YBR085W	0.0128	0.4529	0.0282
YHR193C	0.003	0.1787	0.0165
YLR394W	0.0532	0.4126	0.1289
YHR033W	0.003	0.3936	0.0077
YNL070W	0.0002	0.1507	0.001
YDR163W	0.1968	0.2683	0.7336
YGR129W	0.0709	0.5047	0.1405
YLR053C	0.1697	0.3525	0.4814
YLR059C	0.0322	0.3162	0.1019
YPL224C	0.0558	0.4344	0.1284
YML060W	0.0466	0.3827	0.1217
YDR169C	0.037	0.4223	0.0876
YBR269C	0.0574	0.4077	0.1409
YFL040W	0.0267	0.4558	0.0585
YLR006C	0.048	0.3718	0.1292
YHR115C	0.009	0.3123	0.0287
YPR010C	0.005	0.3676	0.0136
YMR003W	0.1742	0.3001	0.5806
YDR419W	0.0483	0.4567	0.1057
YDL127W	0.0445	0.3745	0.1188
YDR103W	0.082	0.4351	0.1884
YDL065C	0.0752	0.6062	0.124
YGL144C	0.0264	0.4406	0.0599
YLR107W	0.037	0.4726	0.0783
YMR160W	0.043	0.3971	0.1083
YJR099W	0.0748	0.4816	0.1554
YNL042W	0.0355	0.2984	0.119
YMR244W	0.0254	0.5317	0.0479
YML062C	0.061	0.4694	0.1299
YKR027W	0.0464	0.4409	0.1053
YLR275W	0.0178	0.3457	0.0514
YCL048W-A	0.0368	0.2136	0.1723
YLR081W	0.0146	0.9765	0.0149
YBR123C	0.0336	0.4129	0.0813
YDR440W	0.0758	0.4028	0.1881
YPL108W	0.054	0.3764	0.1436
YJR045C	0.003	0.2809	0.0108
YJL090C	0.0646	0.4214	0.1532
YDR082W	0.1105	0.4281	0.2581
YKR076W	0.036	0.4215	0.0855
YNL110C	0.038	0.4778	0.0795
YGL030W	0.0001	0.069	0.001
YKL045W	0.0136	0.3165	0.0429
YCR089W	0.2224	0.4028	0.5522
YLR106C	0.0499	0.4167	0.1197
YHL012W	0.0824	0.5148	0.1601
YPL179W	0.012	0.3574	0.0337
YBR024W	0.024	0.3003	0.0798
YKR099W	0.034	0.4136	0.0823
YLR019W	0.0376	0.3379	0.1113
YOR359W	0.0362	0.3453	0.1049
YOL053W	0.0554	0.3414	0.1624
YDR324C	0.0248	0.3872	0.064
YNL056W	0.0158	0.2576	0.0612
YBR167C	0.0808	0.4896	0.165
YOL133W	0.0161	0.2608	0.0619
YJL106W	0.0223	0.4548	0.0491
YDR107C	0.0458	0.3894	0.1176
YIL046W	0.014	0.388	0.0362
YDR132C	0.0584	0.4113	0.142
YBL061C	0.0398	0.3706	0.1073
YOR310C	0.0029	0.2597	0.0113
YFR041C	0.0722	0.3113	0.2318
YDL030W	0.0561	0.4552	0.1231
YJL179W	0.0092	0.3455	0.0267
YDL205C	0.0045	0.3908	0.0116
YCR036W	0.0643	0.533	0.1206
YJR148W	0.0454	0.329	0.1379
YPR101W	0.1696	0.325	0.522
YIL139C	0.0389	0.2973	0.131
YJR131W	0.0518	0.3842	0.1349
YCR079W	0.0295	0.3451	0.0855
YLR363C	0.0105	0.5934	0.0176
YKL184W	0.0436	0.4855	0.0897
YBL090W	0.0388	0.4752	0.0816
YHR127W	0.0893	0.5909	0.1511
YDR391C	0.0696	0.4632	0.1503
YKR048C	0.0158	0.3769	0.0418
YML055W	0.0458	0.5228	0.0875
YER008C	0.0452	0.435	0.1039
YCR028C-A	0.0068	0.2689	0.0252
YPR171W	0.1081	0.3249	0.3329
YJR134C	0.0706	0.4672	0.1511
YBR150C	0.055	0.448	0.1228
YLL009C	0.0219	0.3532	0.0621
YIL094C	0.0064	0.3582	0.0178
YJR030C	0.0549	0.5896	0.0931
YJR116W	0.0252	0.4055	0.0622
YMR078C	0.0548	0.4371	0.1254
YBR158W	0.0416	0.4141	0.1006
YKR080W	0.0078	0.2726	0.0285
YOR217W	0.036	0.3886	0.0926
YGR046W	0.0216	0.4124	0.0525
YMR244C-A	0.0321	0.4247	0.0757
YMR061W	0.0216	0.2827	0.0764
YJR056C	0.057	0.4056	0.1404
YFL031W	0.0441	0.1994	0.221
YCL039W	0.0233	0.3979	0.0584
YGL031C	0.0001	0.1047	0.001
YOR239W	0.0193	0.3112	0.0619
YNL223W	0.045	0.348	0.1293
YOR368W	0.0353	0.454	0.0778
YDL133W	0.036	0.4201	0.0857
YLL026W	0.0032	0.3888	0.0082
YGR016W	0.0522	0.2931	0.1781
YGL228W	0.0691	0.382	0.1809
YDR186C	0.0304	0.3623	0.084
YKR065C	0.0174	0.3372	0.0517
YGL085W	0.0328	0.4149	0.079
YDR177W	0.0046	0.341	0.0133
YBR172C	0.0904	0.4969	0.182
YML117W	0.0435	0.3809	0.1143
YIR005W	0.0349	0.3692	0.0944
YCR020W-B	0.0416	0.1504	0.2764
YPR094W	0.0143	0.3182	0.0449
YJL133W	0.0077	0.2471	0.031
YHR101C	0.0799	0.2656	0.3009
YDR178W	0.0452	0.2808	0.161
YOR381W	0.0444	0.3924	0.1132
YOR270C	0.0076	0.2945	0.0257
YKR082W	0.037	0.4318	0.0856
YLR420W	0.0295	0.3576	0.0826
YJR119C	0.0563	0.3853	0.1461
YML119W	0.0738	0.4328	0.1706
YOR317W	0.0196	0.3782	0.0518
YDL149W	0.046	0.4517	0.1019
YDR267C	0.0143	0.3321	0.0431
YMR202W	0.016	0.3118	0.0512
YGL013C	0.0298	0.3994	0.0746
YJR139C	0.0093	0.2618	0.0357
YNL289W	0.0208	0.3577	0.058
YLR277C	0.0244	0.3761	0.0649
YML078W	0.0135	0.3689	0.0366
YBR040W	0.02	0.5809	0.0345
YJR033C	0.0353	0.3942	0.0895
YFL025C	0.0601	0.3335	0.1802
YML099C	0.0306	0.4568	0.067
YBR129C	0.0155	0.4382	0.0353
YHR060W	0.0696	0.2745	0.2536
YOR255W	0.1026	0.4582	0.2239
YLR071C	0.0205	0.2743	0.0747
YDR153C	0.0141	0.3393	0.0415
YDL176W	0.0262	0.443	0.0591
YOR091W	0.0199	0.3575	0.0557
YNL277W	0.0166	0.3981	0.0418
YEL035C	0.1781	0.2469	0.7215
YGR089W	0.0492	0.3778	0.1303
YDL086W	0.0052	0.3718	0.0139
YCR031C	0.0001	0.1138	0.001
YMR258C	0.0492	0.3008	0.1635
YDR305C	0.0473	0.4637	0.102
YGL159W	0.1015	0.3615	0.2808
YKR092C	0.0753	0.3991	0.1887
YIR002C	0.0511	0.3852	0.1328
YER078C	0.0235	0.3697	0.0635
YDR406W	0.0148	0.3836	0.0386
YLR227C	0.0671	0.3569	0.1881
YKR093W	0.0084	0.3928	0.0214
YNL100W	0.068	0.367	0.1853
YLR004C	0.0075	0.2348	0.0318
YPR015C	0.0386	0.2513	0.1534
YGR258C	0.058	0.469	0.1236
YLR443W	0.0391	0.2729	0.1432
YPL205C	0.0826	0.2265	0.3645
YIL070C	0.0246	0.4633	0.0532
YOR322C	0.038	0.4135	0.0918
YLR333C	0.0002	0.1561	0.001
YGL172W	0.0322	0.3616	0.089
YKR018C	0.0151	0.409	0.0368
YNL216W	0.0303	0.4208	0.072
YER088C	0.0489	0.2705	0.1809
YML072C	0.0286	0.4125	0.0693
YJR069C	0.0232	0.4261	0.0545
YKL040C	0.0208	0.3045	0.0684
YKR072C	0.0419	0.4747	0.0883
YDR022C	0.0716	0.3654	0.1959
YNR047W	0.0284	0.4228	0.0671
YLR283W	0.0584	0.3481	0.1677
YPL040C	0.0552	0.3798	0.1454
YEL017C-A	0.0127	0.0497	0.2559
YLL015W	0.0294	0.4109	0.0714
YIL166C	0.0133	0.3865	0.0344
YMR049C	0.0228	0.352	0.0649
YOR312C	0.0001	0.0883	0.001
YLR118C	0.0292	0.4354	0.067
YOR280C	0.0536	0.4626	0.1158
YLR199C	0.0699	0.3485	0.2004
YLR085C	0.0281	0.3959	0.071
YLR442C	0.0992	0.464	0.2139
YGL110C	0.0565	0.4817	0.1173
YJR066W	0.0135	0.38	0.0355
YBR217W	0.0363	0.6572	0.0552
YPR188C	0.0356	0.3135	0.1135
YDR101C	0.02	0.371	0.0539
YBR238C	0.0113	0.336	0.0336
YDR016C	0.0162	0.4341	0.0373
YJL138C	0.0012	0.109	0.0114
YOR335C	0.0069	0.3303	0.0209
YHR109W	0.1081	0.4384	0.2465
YML007W	0.0528	0.4086	0.1292
YMR013C	0.0586	0.3252	0.1801
YDL164C	0.0246	0.4164	0.0592
YDR462W	0.026	0.371	0.0701
YPL200W	0.175	0.3954	0.4425
YLL054C	0.0737	0.3815	0.1932
YNR024W	0.0919	0.3624	0.2536
YDR034C	0.0269	0.4222	0.0637
YNL198C	0.0495	0.1369	0.3616
YBL004W	0.0429	0.3865	0.111
YGR077C	0.1115	0.3531	0.3159
YGR127W	0.0511	0.3068	0.1667
YMR073C	0.0429	0.2878	0.1489
YER001W	0.0609	0.4811	0.1265
YNL168C	0.0206	0.4041	0.051
YJR105W	0.0155	0.2645	0.0588
YMR162C	0.0273	0.4076	0.067
YPR032W	0.0358	0.3452	0.1038
YGL073W	0.0473	0.4291	0.1103
YOR272W	0.0116	0.3099	0.0375
YKL154W	0.0557	0.3804	0.1465
YKL023W	0.0957	0.4241	0.2257
YGR023W	0.0719	0.3927	0.183
YMR055C	0.01	0.4	0.0251
YDR090C	0.0374	0.4378	0.0855
YGR255C	0.0109	0.3983	0.0275
YBR035C	0.0021	0.3615	0.0059
YNR031C	0.0119	0.3972	0.0299
YBR245C	0.012	0.4111	0.0291
YNL189W	0.0034	0.3174	0.0108
YEL030W	0.0301	0.4577	0.0657
YDR059C	0.0003	0.3368	0.001
YMR261C	0.017	0.3583	0.0476
YNL124W	0.0637	0.3412	0.1866
YMR060C	0.0817	0.3738	0.2186
YPL031C	0.002	0.2901	0.0068
YKL092C	0.0633	0.3893	0.1626
YNL253W	0.0434	0.4546	0.0954
YJL149W	0.0261	0.3915	0.0666
YLR309C	0.0614	0.4954	0.1239
YMR168C	0.0378	0.4118	0.0918
YBR063C	0.2995	0.4689	0.6389
YGR092W	0.0091	0.4335	0.0209
YMR265C	0.1062	0.3947	0.269
YER172C	0.048	0.4137	0.1159
YDL110C	0.0215	0.2602	0.0827
YKR100C	0.0478	0.2979	0.1605
YDR125C	0.057	0.4141	0.1377
YBL092W	0.0081	0.0763	0.1057
YLL010C	0.0288	0.3374	0.0852
YHR192W	0.0237	0.3373	0.0702
YER119C	0.0334	0.3442	0.0969
YLR026C	0.0305	0.4248	0.0719
YLL023C	0.0266	0.2638	0.1007
YGR146C-A	0.0445	0.0004	99.0
YKR023W	0.0857	0.562	0.1526
YKL002W	0.0119	0.3581	0.0333
YOL066C	0.028	0.4446	0.063
YPR013C	0.0714	0.3129	0.2282
YMR150C	0.0227	0.4154	0.0546
YLR223C	0.0399	0.5223	0.0765
YIL132C	0.0425	0.2748	0.1547
YNL011C	0.0223	0.4961	0.045
YGL082W	0.0261	0.4052	0.0644
YBL050W	0.0101	0.4455	0.0227
YOL136C	0.018	0.3614	0.0498
YPL189W	0.0508	0.3872	0.1311
YJR085C	0.0049	0.2902	0.017
YDR466W	0.0642	0.3392	0.1893
YBR093C	0.0099	0.4714	0.021
YPR170W-B	0.006	0.1509	0.0397
YOR056C	0.038	0.3176	0.1196
YLR009W	0.0002	0.2286	0.001
YJR015W	0.0404	0.4657	0.0867
YDL234C	0.0263	0.3184	0.0825
YDL012C	0.0274	0.3114	0.088
YKR013W	0.0208	0.2402	0.0867
YNL258C	0.0591	0.3808	0.1551
YBR239C	0.0266	0.3736	0.0713
YLR073C	0.0468	0.2818	0.1659
YDL156W	0.0257	0.3867	0.0666
YGL006W	0.0414	0.3992	0.1037
YKR095W	0.0732	0.559	0.1309
YML125C	0.0162	0.1509	0.1073
YOL013C	0.0472	0.2848	0.1656
YDR363W	0.0795	0.4117	0.1932
YOR230W	0.0108	0.3429	0.0315
YDR310C	0.0577	0.392	0.1471
YOR246C	0.0166	0.3121	0.0532
YLR332W	0.0573	0.5015	0.1142
YGR158C	0.0632	0.3127	0.2022
YMR169C	0.0251	0.4597	0.0545
YLR248W	0.03	0.329	0.0912
YDL106C	0.0289	0.3905	0.074
YLR213C	0.0469	0.3628	0.1293
YML032C	0.0471	0.3718	0.1266
YNL129W	0.0237	0.2978	0.0797
YDL092W	0.0509	0.3639	0.1399
YHR118C	0.0412	0.4082	0.1009
YDR026C	0.0882	0.4054	0.2175
YMR267W	0.0498	0.4931	0.1011
YMR207C	0.0646	0.4027	0.1605
YER145C	0.011	0.2606	0.042
YLR027C	0.0167	0.3469	0.0482
YBR045C	0.065	0.4058	0.1602
YIR008C	0.0207	0.3604	0.0575
YBL030C	0.0108	0.1634	0.0658
YGR198W	0.0476	0.3767	0.1265
YHR124W	0.0299	0.4248	0.0703
YFR009W	0.0128	0.3355	0.0381
YAL023C	0.0095	0.2658	0.0359
YOR259C	0.013	0.329	0.0394
YBL016W	0.0165	0.4528	0.0364
YOR283W	0.0145	0.2566	0.0566
YER043C	0.0044	0.2354	0.0186
YGR099W	0.0856	0.3865	0.2216
YAL012W	0.0061	0.1846	0.0331
YHR161C	0.0635	0.4861	0.1307
YNR060W	0.0275	0.2779	0.0991
YOR220W	0.0375	0.2969	0.1265
YGL018C	0.0273	0.4091	0.0668
YIR021W	0.0782	0.3162	0.2472
YMR167W	0.0477	0.4377	0.1089
YMR275C	0.0259	0.3777	0.0685
YDR348C	0.047	0.3466	0.1357
YAL002W	0.0451	0.3602	0.1253
YKR030W	0.0315	0.422	0.0746
YML121W	0.0045	0.3818	0.0117
YJR097W	0.0628	0.4855	0.1294
YLR197W	0.0084	0.2396	0.0352
YGL221C	0.0567	0.3567	0.1589
YDL148C	0.0327	0.4672	0.07
YGL197W	0.0251	0.4374	0.0574
YMR236W	0.0271	0.5022	0.054
YHR027C	0.016	0.3573	0.0447
YBR073W	0.0506	0.4341	0.1165
YER182W	0.0269	0.4286	0.0627
YCR034W	0.0129	0.1877	0.0689
YDL150W	0.0396	0.4041	0.0981
YEL046C	0.0101	0.2839	0.0356
YJR039W	0.1063	0.3989	0.2665
YNL069C	0.0026	0.0671	0.0391
YLR039C	0.0374	0.4142	0.0904
YCR030C	0.0341	0.3502	0.0973
YDR189W	0.0126	0.4292	0.0293
YLR129W	0.0219	0.3887	0.0563
YLR424W	0.1021	0.3865	0.264
YDL212W	0.0296	0.4369	0.0676
YML005W	0.0819	0.4124	0.1986
YER026C	0.0135	0.3374	0.0401
YDR127W	0.02	0.3608	0.0555
YHR119W	0.0398	0.4612	0.0864
YLR095C	0.0635	0.4104	0.1548
YOL016C	0.0096	0.3105	0.031
YLR177W	0.0355	0.3416	0.104
YLR287C-A	0.0001	0.0806	0.001
YGR007W	0.0426	0.4695	0.0908
YBR288C	0.032	0.3379	0.0947
YJR117W	0.0166	0.2553	0.0649
YIL122W	0.042	0.3325	0.1264
YNL127W	0.0368	0.4218	0.0873
YDL022W	0.0025	0.2879	0.0086
YGL070C	0.0003	0.3301	0.001
YFR007W	0.0617	0.3624	0.1702
YDR161W	0.0302	0.4315	0.0699
YMR155W	0.0491	0.351	0.1398
YNL298W	0.0314	0.3406	0.0923
YJR083C	0.0669	0.3994	0.1676
YAL059W	0.0503	0.3134	0.1606
YLL016W	0.126	0.2381	0.5291
YCL050C	0.0137	0.2309	0.0592
YGR206W	0.0627	0.2596	0.2417
YJR053W	0.0549	0.4181	0.1313
YHR080C	0.0739	0.4858	0.1522
YBR082C	0.0001	0.1424	0.001
YNL148C	0.1422	0.4006	0.3551
YOR360C	0.0228	0.2673	0.0855
YGR055W	0.0111	0.361	0.0308
YOR147W	0.0446	0.3153	0.1413
YOL122C	0.0379	0.6053	0.0626
YMR019W	0.0677	0.449	0.1508
YHR123W	0.02	0.3223	0.0621
YGR169C	0.0483	0.281	0.1719
YER050C	0.0398	0.384	0.1037
YKL020C	0.0449	0.4123	0.1089
YNR032W	0.0117	0.4327	0.027
YLR152C	0.0547	0.3911	0.1399
YMR081C	0.0387	0.3551	0.1089
YMR175W	0.0588	0.311	0.1892
YGL065C	0.0473	0.437	0.1082
YKL119C	0.0321	0.3231	0.0993
YJR135C	0.1132	0.3241	0.3492
YIL136W	0.0175	0.3536	0.0495
YMR091C	0.027	0.3567	0.0757
YJL164C	0.0155	0.3372	0.046
YPL236C	0.0292	0.3851	0.0758
YGR221C	0.1238	0.385	0.3217
YER146W	0.0177	0.3974	0.0445
YMR178W	0.0157	0.4922	0.0318
YGL090W	0.1225	0.3841	0.3189
YLR163C	0.0153	0.4798	0.0319
YGL211W	0.0137	0.3909	0.0349
YGL010W	0.04	0.2683	0.1491
YBR169C	0.03	0.5666	0.0529
YLR045C	0.0303	0.3515	0.0861
YDR530C	0.0535	0.3825	0.1398
YIL024C	0.0102	0.3366	0.0303
YKL205W	0.017	0.3095	0.055
YJL208C	0.0262	0.4251	0.0617
YPL258C	0.0155	0.1751	0.0888
YIL145C	0.038	0.3151	0.1207
YPL107W	0.0563	0.3753	0.15
NOSGD	0.0167	0.5051	0.033
YCR012W	0.0049	0.0469	0.1044
YDR347W	0.0285	0.4458	0.064
YDR349C	0.0532	0.3894	0.1367
YBR105C	0.0521	0.4311	0.1209
YML001W	0.0002	0.2018	0.001
YCR065W	0.0338	0.3093	0.1094
YDR093W	0.0225	0.392	0.0574
YHL006C	0.0534	0.269	0.1987
YJR112W	0.0313	0.4568	0.0685
YMR032W	0.0469	0.4584	0.1023
YNL083W	0.0847	0.4998	0.1695
YOR078W	0.0821	0.4838	0.1697
YLR105C	0.044	0.3729	0.1181
YJR124C	0.0182	0.3092	0.0587
YOR338W	0.055	0.2837	0.194
YOR369C	0.0002	0.1561	0.001
YOR238W	0.0824	0.3632	0.2268
YIL103W	0.0175	0.3926	0.0446
YJL147C	0.0943	0.3741	0.2521
YDL214C	0.0867	0.3741	0.2319
YLR320W	0.0874	0.4175	0.2094
YJL174W	0.0565	0.3372	0.1676
YJL065C	0.0536	0.3067	0.1749
YGR004W	0.0337	0.3298	0.1022
YHR184W	0.0446	0.4871	0.0915
YDR086C	0.014	0.1417	0.099
YBR084W	0.0241	0.3526	0.0684
YJL102W	0.0515	0.4681	0.1101
YCL002C	0.0362	0.3242	0.1116
YKL024C	0.0292	0.4741	0.0615
YIL069C	0.0042	0.1166	0.0359
YDL142C	0.0856	0.3009	0.2845
YNL156C	0.0242	0.3432	0.0705
YNL026W	0.0514	0.3509	0.1464
NOSGD	0.0376	0.3517	0.1068
YGR063C	0.0005	0.4518	0.001
YGR108W	0.0286	0.4528	0.0631
YER157W	0.0475	0.4072	0.1167
YGL107C	0.0527	0.3883	0.1357
YBR107C	0.0573	0.3444	0.1664
YDR405W	0.042	0.4029	0.1043
YHR195W	0.0711	0.3862	0.1842
YIR026C	0.0158	0.3217	0.0492
YBR028C	0.031	0.4759	0.0651
YDR204W	0.0353	0.386	0.0915
YMR270C	0.0368	0.3744	0.0982
YDR286C	0.0479	0.2769	0.1729
YGR083C	0.0262	0.4274	0.0612
YDL204W	0.0574	0.3736	0.1536
YBR086C	0.0627	0.3871	0.162
YER071C	0.1251	0.3412	0.3668
YDL049C	0.0414	0.4404	0.094
YLR103C	0.0244	0.3662	0.0666
YDR157W	20.4601	5.1198	3.9963
YBL024W	0.0135	0.3424	0.0395
YJL162C	0.1008	0.4181	0.2412
YDR064W	0.0001	0.0926	0.001
YKL150W	0.0192	0.3756	0.0511
YOR190W	0.0371	0.365	0.1016
YML057W	0.0188	0.295	0.0637
YPL194W	0.0591	0.4538	0.1302
YDR033W	0.0073	0.163	0.0448
YOR003W	0.0522	0.435	0.12
YPL239W	0.0355	0.4863	0.0731
YGR156W	0.0269	0.2279	0.1181
YGL033W	0.0538	0.4412	0.1219
YMR102C	0.0177	0.44	0.0402
YNL267W	0.0246	0.3833	0.0642
YGL098W	0.0652	0.3884	0.1678
YDR315C	0.0882	0.3796	0.2322
YAL009W	0.0171	0.2865	0.0596
YGR044C	0.1258	0.3264	0.3856
YPL085W	0.1177	0.4451	0.2643
YER143W	0.0338	0.3983	0.0849
YMR109W	0.0208	0.3225	0.0644
YGR138C	0.0039	0.3908	0.0101
YJL189W	0.0	0.0184	0.001
YDL169C	0.0846	0.4108	0.2059
YFL008W	0.0226	0.3793	0.0596
YAR015W	0.0067	0.1701	0.0396
YJL088W	0.0158	0.4621	0.0341
YMR166C	0.0245	0.3365	0.0728
YLR307C-A	0.0404	0.275	0.1468
YML111W	0.0182	0.3251	0.056
YDL137W	0.0003	0.2552	0.001
YMR070W	0.0666	0.696	0.0956
YLR330W	0.0544	0.3981	0.1367
YER177W	0.0021	0.2306	0.0089
YJL101C	0.0232	0.345	0.0671
YJL183W	0.0275	0.3424	0.0802
YDR129C	0.0061	0.4578	0.0133
YOL051W	0.0569	0.5044	0.1128
YBR156C	0.08	0.4536	0.1763
YLR046C	0.1373	0.4255	0.3226
YPL109C	0.0258	0.4046	0.0637
YKR090W	0.0775	0.3908	0.1984
YLR128W	0.0807	0.27	0.299
YDR074W	0.0073	0.4093	0.0179
YER060W	0.0286	0.5046	0.0567
YPL112C	0.0296	0.3104	0.0954
YMR302C	0.0131	0.3856	0.0339
YIL133C	0.0001	0.0774	0.001
YHR023W	0.042	0.4998	0.0841
YPR051W	0.0105	0.3256	0.0323
YGR201C	0.0345	0.463	0.0746
YLR399C	0.0342	0.3746	0.0913
YEL044W	0.0259	0.7119	0.0364
YNL255C	0.0028	0.2997	0.0093
YDL074C	0.0423	0.4169	0.1016
YML127W	0.0158	0.314	0.0503
YDR150W	0.0902	0.5149	0.1753
YER027C	0.0227	0.3196	0.0712
YFR036W	0.0425	0.594	0.0715
YLR287C	0.0798	0.515	0.1549
YGL120C	0.0056	0.2977	0.0187
NOSGD	0.0368	0.3115	0.1183
YBR198C	0.0194	0.3573	0.0544
YGR078C	0.0227	0.4687	0.0484
YDR105C	0.0113	0.4005	0.0283
YNL187W	0.1114	0.3635	0.3064
YNL039W	0.0393	0.5719	0.0687
YIL037C	0.1291	0.4205	0.3069
YPR118W	0.0493	0.3791	0.1301
YNL058C	0.0564	0.4223	0.1335
YNL260C	0.0708	0.701	0.101
YEL066W	0.0361	0.2827	0.1276
YKL192C	0.0156	0.2521	0.0619
YDR302W	0.0146	0.3024	0.0483
YER068W	0.0262	0.3745	0.0701
YJL172W	0.0138	0.3123	0.0443
YNR020C	0.0243	0.4507	0.0539
YIL019W	0.0699	0.4835	0.1445
YHR103W	0.0463	0.3933	0.1176
YDR098C	0.0277	0.4538	0.061
YLR418C	0.0402	0.4013	0.1001
YMR319C	0.0181	0.447	0.0405
YPL016W	0.0375	0.3833	0.0978
YDL046W	0.035	0.3463	0.101
YKL088W	0.0512	0.478	0.1071
YDR156W	0.035	0.3143	0.1114
YLR422W	0.0268	0.398	0.0673
YOL128C	0.0495	0.3501	0.1413
YBR022W	0.0767	0.4053	0.1893
YHR157W	0.1158	0.4849	0.2389
YBR039W	0.0129	0.2554	0.0503
YHR017W	0.065	0.362	0.1795
YER007W	0.1078	0.3826	0.2817
YER049W	0.0141	0.4137	0.034
YFL048C	0.0351	0.3764	0.0933
YNL074C	0.0405	0.2818	0.1436
YOR193W	0.1808	0.4046	0.4469
YHR133C	0.0446	0.3973	0.1123
YER063W	0.0774	0.531	0.1457
NOSGD	0.0512	0.1794	0.2854
YDR421W	0.0564	0.4223	0.1336
YBR280C	0.0436	0.3931	0.111
YOR032C	0.0547	0.4212	0.1299
YER059W	0.0325	0.4121	0.079
YLR182W	0.0426	0.3853	0.1104
YDR115W	0.0803	0.5783	0.1388
YER158C	0.0699	0.3471	0.2015
YDR014W-A	0.117	0.4386	0.2668
YLR216C	0.0183	0.3565	0.0513
YMR231W	0.0297	0.4462	0.0665
YJR061W	0.0539	0.4249	0.1268
YER150W	0.0341	0.4142	0.0823
YJL139C	0.041	0.4358	0.0941
YJL137C	0.0735	0.3464	0.2122
YGR090W	0.0283	0.3297	0.086
YKL157W	0.1747	0.2817	0.6201
YNL251C	0.0125	0.3418	0.0366
YOL015W	0.1385	0.4698	0.2948
YGR091W	0.0813	0.4141	0.1963
YHL040C	0.0249	0.3949	0.063
YLR267W	0.0493	0.2854	0.1729
YPR027C	0.0456	0.3975	0.1146
YJL085W	0.0151	0.4894	0.0308
YHR012W	0.0451	0.4179	0.1079
YOR281C	0.0257	0.4527	0.0567
YOR344C	0.0229	0.305	0.0751
YPR072W	0.021	0.329	0.0639
YDL069C	0.1043	0.3726	0.28
YEL062W	0.0324	0.4957	0.0654
YML112W	0.0397	0.415	0.0956
YBR132C	0.0172	0.334	0.0515
YJR104C	0.0136	0.2033	0.0667
YNR011C	0.0433	0.3538	0.1223
YOR311C	0.0287	0.2776	0.1035
YDR069C	0.0375	0.3423	0.1095
YHR144C	0.0458	0.3883	0.118
YCR090C	0.048	0.4132	0.1162
YBR071W	0.0587	0.3527	0.1663
YGR174C	0.0102	0.4681	0.0218
YPL270W	0.0248	0.4167	0.0594
YGL207W	0.0066	0.4659	0.0141
YBR052C	0.0498	0.425	0.1172
YDL081C	0.0051	0.0977	0.0521
YPR102C	0.0001	0.1003	0.001
YOR005C	0.0642	0.3887	0.165
YHR150W	0.0471	0.3437	0.1369
YAR018C	0.0132	0.2919	0.0453
YCR042C	0.0507	0.6945	0.073
YOR305W	0.0654	0.4385	0.1491
YDR065W	0.0977	0.4225	0.2313
YBR193C	0.0281	0.3293	0.0852
YMR291W	0.0135	0.3774	0.0357
YMR104C	0.0088	0.304	0.0291
YDL129W	0.06	0.2539	0.2364
YBL089W	0.0417	0.4111	0.1015
YDR409W	0.0724	0.4384	0.1651
YER062C	0.0041	0.3483	0.0116
YGL253W	0.002	0.1971	0.0102
YOR138C	0.0447	0.359	0.1246
YDL076C	0.0681	0.375	0.1817
YKR024C	0.0317	0.4281	0.0741
YPL172C	0.0283	0.3872	0.0731
YNL166C	0.112	0.477	0.2349
YER101C	0.0383	0.3944	0.097
YDR032C	0.0003	0.3008	0.001
YNL027W	0.04	0.3628	0.1103
YHR106W	0.0217	0.3782	0.0573
YBR110W	0.0272	0.4521	0.0601
YOR108W	0.0071	0.2916	0.0244
YJR049C	0.0172	0.5084	0.0339
YBR111C	0.0181	0.4506	0.0402
YIR033W	0.032	0.3333	0.0959
YGR186W	0.0295	0.3942	0.0748
YGR049W	0.0158	0.3641	0.0433
YKL157W	0.0214	0.3802	0.0564
YIL073C	0.0557	0.3778	0.1474
YMR252C	0.0398	0.479	0.0831
YPL169C	0.0212	0.337	0.0628
YPL126W	0.03	0.3704	0.0809
YKL073W	0.0448	0.3962	0.113
YER065C	0.0097	0.3565	0.0271
YLR204W	0.0737	0.3669	0.2008
YHR015W	0.0738	0.3516	0.2099
YKL100C	0.0418	0.4084	0.1022
YMR256C	0.0005	0.4842	0.001
YPR120C	0.0514	0.3355	0.1531
YNL263C	0.0221	0.3358	0.0659
YER102W	0.0049	0.0452	0.1082
YGL227W	0.0313	0.442	0.0708
YMR306W	0.0223	0.4042	0.0551
YPR190C	0.0198	0.3984	0.0496
YOL009C	0.0459	0.3821	0.1202
YDR379W	0.0583	0.4255	0.1371
YDR219C	0.0658	0.4145	0.1588
YPL170W	0.0257	0.3231	0.0795
YNL134C	0.0141	0.5215	0.0271
YDR482C	0.0443	0.0956	0.4631
YHR207C	0.0305	0.4307	0.0708
YGL237C	0.0454	0.3105	0.1461
YOL115W	0.0323	0.4593	0.0702
YOL024W	0.1143	0.3921	0.2914
YNL142W	0.008	0.3319	0.024
YLR056W	0.0139	0.3276	0.0425
YLR165C	0.0874	0.5184	0.1686
YHR089C	0.0071	0.2733	0.026
YLR307W	0.0277	0.4807	0.0576
YDR155C	0.0002	0.178	0.001
YML023C	0.0479	0.4235	0.1132
YNL007C	0.0053	0.4044	0.0131
YML090W	0.0707	0.2082	0.3396
YDR248C	0.008	0.4005	0.0199
YBR112C	0.0478	0.3731	0.128
YHR158C	0.0529	0.4167	0.127
YER173W	0.0694	0.4853	0.143
YHR013C	0.0142	0.3177	0.0446
YDR437W	0.0215	0.3876	0.0555
YJR126C	0.0272	0.3381	0.0806
YDR381C-A	0.0528	0.558	0.0946
YDR038C	0.0194	0.1724	0.1123
YGR237C	0.0324	0.4188	0.0774
YOR022C	0.0446	0.4024	0.1109
YHL028W	0.0558	0.4155	0.1343
YNL116W	0.044	0.3631	0.1213
YNL215W	0.0658	0.4246	0.1551
YBR070C	0.0808	0.3298	0.245
YDL079C	0.0417	0.3877	0.1076
YPL070W	0.0261	0.3733	0.0699
YDR485C	0.1006	0.4769	0.2109
YMR144W	0.054	0.3835	0.1408
YJL012C	0.004	0.326	0.0124
YNL242W	0.0589	0.414	0.1423
YNL225C	0.0589	0.4785	0.123
YLR397C	0.0296	0.4442	0.0666
YKR094C	0.0001	0.1048	0.001
YGR111W	0.049	0.3776	0.1298
YOR093C	0.0191	0.3773	0.0506
YEL004W	0.0637	0.3482	0.1831
YBR263W	0.0119	0.3274	0.0365
YBR018C	0.0353	0.5695	0.0619
YLR170C	0.0185	0.3106	0.0597
YDR201W	0.0496	0.3821	0.1298
YLR455W	0.0415	0.6434	0.0646
YOR242C	0.06	0.4299	0.1396
YNL165W	0.0347	0.4226	0.0821
YNL160W	0.0301	0.3202	0.0939
YGR192C	0.0	0.0	0.001
YLR099W-A	0.0277	0.3684	0.0752
YHL032C	0.0256	0.4176	0.0613
YPL006W	0.0302	0.4084	0.0739
YER105C	0.0769	0.4277	0.1798
YKL060C	0.0144	0.0466	0.3084
YOL058W	0.0024	0.3032	0.008
YMR157C	0.0734	0.3259	0.2252
YOR016C	0.0119	0.2862	0.0415
YLR259C	0.0033	0.3415	0.0097
YDL179W	0.071	0.4001	0.1773
YBR147W	0.0398	0.3146	0.1264
YKL014C	0.0698	0.3577	0.1952
YGL094C	0.0159	0.4266	0.0372
YJL080C	0.0191	0.3026	0.0632
YMR037C	0.0481	0.4593	0.1048
YJR106W	0.0376	0.3718	0.1012
YER061C	0.0379	0.4851	0.078
YOR337W	0.0168	0.3528	0.0477
YMR286W	0.0186	0.505	0.0368
YHR028C	0.0467	0.3529	0.1324
YNR027W	0.0815	0.3886	0.2096
YNL287W	0.0097	0.3012	0.0322
YDR030C	0.0637	0.5211	0.1222
YPL268W	0.0321	0.4855	0.0662
YDL103C	0.0414	0.354	0.1171
YMR191W	0.1194	0.4042	0.2955
YPL063W	0.0285	0.3317	0.0858
YBR154C	0.0042	0.2774	0.015
YFR015C	0.0061	0.3547	0.0173
YGR120C	0.0414	0.3817	0.1086
YOR020C	0.0002	0.1767	0.001
YER120W	0.0328	0.1633	0.2012
YGL198W	0.0451	0.3597	0.1254
YGL115W	0.0076	0.3171	0.0239
YMR315W	0.0273	0.4422	0.0618
YGL123W	0.0	0.0452	0.001
YGL195W	0.0285	0.4003	0.0711
YPL267W	0.0793	0.4914	0.1614
YLR361C	0.0835	0.4019	0.2077
YDR058C	0.0114	0.4987	0.0229
YHR025W	0.0041	0.298	0.0137
YLR089C	0.0065	0.2851	0.0229
YOR157C	0.0092	0.2447	0.0378
YGR178C	0.031	0.3546	0.0874
YKL162C	0.0658	0.355	0.1852
YPL018W	0.0471	0.3872	0.1216
YNL126W	0.0355	0.4134	0.0858
YPL093W	0.0045	0.293	0.0154
YGR229C	0.0559	0.4622	0.1209
YOR092W	0.0242	0.3621	0.067
YDR346C	0.0128	0.3724	0.0343
YDR481C	0.0333	0.3736	0.0891
YPL255W	0.0461	0.3038	0.1516
YJL154C	0.0248	0.371	0.067
YBR095C	0.0434	0.4122	0.1053
YDR511W	0.0401	0.4049	0.0989
YPL139C	0.0589	0.4805	0.1225
